,lon,lat,dh,dat
811716,114.1683,30.5061,3,0.0
655703,121.3,31.19,3,0.0
811716,114.1683,30.5061,6,0.0
655703,121.3,31.19,6,0.0625
811716,114.1683,30.5061,9,0.0
655703,121.3,31.19,9,1.362503
811716,114.1683,30.5061,12,0.0
655703,121.3,31.19,12,0.0
811716,114.1683,30.5061,15,0.0
655703,121.3,31.19,15,0.20000076
811716,114.1683,30.5061,18,0.0
655703,121.3,31.19,18,1.2249985
811716,114.1683,30.5061,21,0.0
655703,121.3,31.19,21,0.11249924
811716,114.1683,30.5061,24,0.0
655703,121.3,31.19,24,0.0
811716,114.1683,30.5061,27,0.0
655703,121.3,31.19,27,0.0
811716,114.1683,30.5061,30,0.0
655703,121.3,31.19,30,0.0
811716,114.1683,30.5061,33,0.0
655703,121.3,31.19,33,0.0
811716,114.1683,30.5061,36,1.2271309
655703,121.3,31.19,36,0.0
811716,114.1683,30.5061,39,0.26524353
655703,121.3,31.19,39,0.0
811716,114.1683,30.5061,42,0.0
655703,121.3,31.19,42,0.5
811716,114.1683,30.5061,45,0.0
655703,121.3,31.19,45,0.125
811716,114.1683,30.5061,48,0.32012558
655703,121.3,31.19,48,0.79999924
811716,114.1683,30.5061,51,0.8798277
655703,121.3,31.19,51,0.0
811716,114.1683,30.5061,54,1.7682724
655703,121.3,31.19,54,0.0
811716,114.1683,30.5061,57,1.4008902
655703,121.3,31.19,57,0.0
811716,114.1683,30.5061,60,0.8221783
655703,121.3,31.19,60,0.0
811716,114.1683,30.5061,63,1.4486812
655703,121.3,31.19,63,0.0
811716,114.1683,30.5061,66,1.3536416
655703,121.3,31.19,66,0.0
811716,114.1683,30.5061,69,0.66463083
655703,121.3,31.19,69,0.0
811716,114.1683,30.5061,72,0.1875
655703,121.3,31.19,72,0.0
811716,114.1683,30.5061,75,0.0
655703,121.3,31.19,75,0.0
811716,114.1683,30.5061,78,0.0
655703,121.3,31.19,78,0.0
811716,114.1683,30.5061,81,0.0
655703,121.3,31.19,81,0.0
811716,114.1683,30.5061,84,0.0
655703,121.3,31.19,84,0.0
811716,114.1683,30.5061,87,0.1875
655703,121.3,31.19,87,0.0
811716,114.1683,30.5061,90,0.5597097
655703,121.3,31.19,90,0.0
811716,114.1683,30.5061,93,0.83966994
655703,121.3,31.19,93,0.0
811716,114.1683,30.5061,96,1.1222097
655703,121.3,31.19,96,0.0
811716,114.1683,30.5061,99,1.554882
655703,121.3,31.19,99,0.0
811716,114.1683,30.5061,102,1.5576723
655703,121.3,31.19,102,0.0
811716,114.1683,30.5061,105,1.0027902
655703,121.3,31.19,105,2.3499947
811716,114.1683,30.5061,108,0.9527436
655703,121.3,31.19,108,3.9499931
811716,114.1683,30.5061,111,1.3401967
655703,121.3,31.19,111,3.2999992
811716,114.1683,30.5061,114,1.0950321
655703,121.3,31.19,114,3.2875023
811716,114.1683,30.5061,117,0.33536908
655703,121.3,31.19,117,3.8000069
811716,114.1683,30.5061,120,0.0
655703,121.3,31.19,120,2.4000053
811716,114.1683,30.5061,123,0.0
655703,121.3,31.19,123,0.20000076
811716,114.1683,30.5061,126,0.0
655703,121.3,31.19,126,0.0
811716,114.1683,30.5061,129,0.0
655703,121.3,31.19,129,0.0
811716,114.1683,30.5061,132,0.0
655703,121.3,31.19,132,0.0
811716,114.1683,30.5061,135,0.0
655703,121.3,31.19,135,0.0
811716,114.1683,30.5061,138,0.0
655703,121.3,31.19,138,0.0
811716,114.1683,30.5061,141,0.0
655703,121.3,31.19,141,0.0
811716,114.1683,30.5061,144,0.0
655703,121.3,31.19,144,0.0
811716,114.1683,30.5061,147,0.0
655703,121.3,31.19,147,0.0
811716,114.1683,30.5061,150,0.0
655703,121.3,31.19,150,0.0
811716,114.1683,30.5061,153,0.0
655703,121.3,31.19,153,0.0
811716,114.1683,30.5061,156,0.0
655703,121.3,31.19,156,0.0
811716,114.1683,30.5061,159,0.0
655703,121.3,31.19,159,0.0
811716,114.1683,30.5061,162,0.0
655703,121.3,31.19,162,0.0
811716,114.1683,30.5061,165,0.0
655703,121.3,31.19,165,0.0
811716,114.1683,30.5061,168,0.0
655703,121.3,31.19,168,0.0
811716,114.1683,30.5061,171,0.09729555
655703,121.3,31.19,171,0.125
811716,114.1683,30.5061,174,0.1875
655703,121.3,31.19,174,0.125
811716,114.1683,30.5061,177,0.0
655703,121.3,31.19,177,0.0
811716,114.1683,30.5061,180,0.0
655703,121.3,31.19,180,0.0
811716,114.1683,30.5061,183,0.0
655703,121.3,31.19,183,0.0
811716,114.1683,30.5061,186,0.0
655703,121.3,31.19,186,0.0
811716,114.1683,30.5061,189,0.0
655703,121.3,31.19,189,0.0
811716,114.1683,30.5061,192,0.09729555
655703,121.3,31.19,192,0.0
811716,114.1683,30.5061,195,1.4875467
655703,121.3,31.19,195,0.70000076
811716,114.1683,30.5061,198,1.7451723
655703,121.3,31.19,198,1.2625008
811716,114.1683,30.5061,201,0.34783
655703,121.3,31.19,201,1.3374977
811716,114.1683,30.5061,204,0.15270445
655703,121.3,31.19,204,1.3374977
811716,114.1683,30.5061,207,0.8798277
655703,121.3,31.19,207,1.0250015
811716,114.1683,30.5061,210,0.89507115
655703,121.3,31.19,210,0.9000015
811716,114.1683,30.5061,213,0.27769682
655703,121.3,31.19,213,0.9124985
811716,114.1683,30.5061,216,0.0
655703,121.3,31.19,216,0.7249985
811716,114.1683,30.5061,219,0.0
655703,121.3,31.19,219,0.29999924
811716,114.1683,30.5061,222,0.0
655703,121.3,31.19,222,0.0625
811716,114.1683,30.5061,225,0.0
655703,121.3,31.19,225,0.25
811716,114.1683,30.5061,228,0.0
655703,121.3,31.19,228,0.17499924
811716,114.1683,30.5061,231,0.0
655703,121.3,31.19,231,0.0
811716,114.1683,30.5061,234,0.0
655703,121.3,31.19,234,0.0
811716,114.1683,30.5061,237,0.0
655703,121.3,31.19,237,0.0
811716,114.1683,30.5061,240,0.0
655703,121.3,31.19,240,0.0
