,lon,lat,dh,dat
811716,114.1683,30.5061,3,0.0
655703,121.3,31.19,3,0.0
811716,114.1683,30.5061,6,0.0
655703,121.3,31.19,6,0.0
811716,114.1683,30.5061,9,0.0
655703,121.3,31.19,9,0.0
811716,114.1683,30.5061,12,0.0
655703,121.3,31.19,12,0.0
811716,114.1683,30.5061,15,0.0
655703,121.3,31.19,15,0.0
811716,114.1683,30.5061,18,0.0
655703,121.3,31.19,18,0.0
811716,114.1683,30.5061,21,0.0
655703,121.3,31.19,21,0.0
811716,114.1683,30.5061,24,0.0
655703,121.3,31.19,24,0.0
811716,114.1683,30.5061,27,0.0
655703,121.3,31.19,27,0.125
811716,114.1683,30.5061,30,0.0
655703,121.3,31.19,30,0.012500763
811716,114.1683,30.5061,33,0.0
655703,121.3,31.19,33,0.012500763
811716,114.1683,30.5061,36,0.0
655703,121.3,31.19,36,0.012500763
811716,114.1683,30.5061,39,0.0
655703,121.3,31.19,39,0.012500763
811716,114.1683,30.5061,42,0.0
655703,121.3,31.19,42,0.012500763
811716,114.1683,30.5061,45,0.0
655703,121.3,31.19,45,0.012500763
811716,114.1683,30.5061,48,0.0
655703,121.3,31.19,48,0.125
811716,114.1683,30.5061,51,0.0
655703,121.3,31.19,51,0.0
811716,114.1683,30.5061,54,0.0
655703,121.3,31.19,54,0.0
811716,114.1683,30.5061,57,0.0
655703,121.3,31.19,57,0.0
811716,114.1683,30.5061,60,0.0
655703,121.3,31.19,60,0.0
811716,114.1683,30.5061,63,0.0
655703,121.3,31.19,63,0.0
811716,114.1683,30.5061,66,0.0
655703,121.3,31.19,66,0.0
811716,114.1683,30.5061,69,0.0
655703,121.3,31.19,69,0.0625
811716,114.1683,30.5061,72,0.0
655703,121.3,31.19,72,0.012500763
811716,114.1683,30.5061,75,0.5076256
655703,121.3,31.19,75,0.0
811716,114.1683,30.5061,78,0.9451256
655703,121.3,31.19,78,0.0
811716,114.1683,30.5061,81,0.8249609
655703,121.3,31.19,81,0.0
811716,114.1683,30.5061,84,0.9451256
655703,121.3,31.19,84,0.0
811716,114.1683,30.5061,87,1.1951256
655703,121.3,31.19,87,0.0
811716,114.1683,30.5061,90,1.1049211
655703,121.3,31.19,90,0.0
811716,114.1683,30.5061,93,0.625
655703,121.3,31.19,93,0.0
811716,114.1683,30.5061,96,0.20757887
655703,121.3,31.19,96,0.0
811716,114.1683,30.5061,99,0.0
655703,121.3,31.19,99,0.0
811716,114.1683,30.5061,102,0.0
655703,121.3,31.19,102,0.0
811716,114.1683,30.5061,105,0.0
655703,121.3,31.19,105,0.0
811716,114.1683,30.5061,108,0.0
655703,121.3,31.19,108,0.0
811716,114.1683,30.5061,111,0.0
655703,121.3,31.19,111,0.0
811716,114.1683,30.5061,114,0.0
655703,121.3,31.19,114,0.0
811716,114.1683,30.5061,117,0.0
655703,121.3,31.19,117,0.0
811716,114.1683,30.5061,120,0.1875
655703,121.3,31.19,120,0.0
811716,114.1683,30.5061,123,0.5548744
655703,121.3,31.19,123,0.92499924
811716,114.1683,30.5061,126,0.75
655703,121.3,31.19,126,0.92499924
811716,114.1683,30.5061,129,1.0701256
655703,121.3,31.19,129,0.0
811716,114.1683,30.5061,132,1.1326256
655703,121.3,31.19,132,0.0
811716,114.1683,30.5061,135,0.875
655703,121.3,31.19,135,0.049999237
811716,114.1683,30.5061,138,0.75
655703,121.3,31.19,138,0.61249924
811716,114.1683,30.5061,141,0.71036905
655703,121.3,31.19,141,2.8875008
811716,114.1683,30.5061,144,0.31529024
655703,121.3,31.19,144,2.4000015
811716,114.1683,30.5061,147,0.0
655703,121.3,31.19,147,0.0
811716,114.1683,30.5061,150,0.0
655703,121.3,31.19,150,0.0
811716,114.1683,30.5061,153,0.0
655703,121.3,31.19,153,0.0
811716,114.1683,30.5061,156,0.0
655703,121.3,31.19,156,0.0
811716,114.1683,30.5061,159,0.0
655703,121.3,31.19,159,0.0
811716,114.1683,30.5061,162,0.0
655703,121.3,31.19,162,0.0
811716,114.1683,30.5061,165,0.0
655703,121.3,31.19,165,0.0
811716,114.1683,30.5061,168,0.0
655703,121.3,31.19,168,0.0
811716,114.1683,30.5061,171,0.0
655703,121.3,31.19,171,0.0
811716,114.1683,30.5061,174,0.0
655703,121.3,31.19,174,0.0
811716,114.1683,30.5061,177,0.0
655703,121.3,31.19,177,0.0
811716,114.1683,30.5061,180,0.0
655703,121.3,31.19,180,0.0
811716,114.1683,30.5061,183,0.0
655703,121.3,31.19,183,0.0
811716,114.1683,30.5061,186,0.0
655703,121.3,31.19,186,0.0
811716,114.1683,30.5061,189,0.0
655703,121.3,31.19,189,0.0
811716,114.1683,30.5061,192,0.0
655703,121.3,31.19,192,0.0
811716,114.1683,30.5061,195,0.16463089
655703,121.3,31.19,195,0.0
811716,114.1683,30.5061,198,0.25
655703,121.3,31.19,198,0.0
811716,114.1683,30.5061,201,0.0625
655703,121.3,31.19,201,0.0
811716,114.1683,30.5061,204,0.0
655703,121.3,31.19,204,0.0
811716,114.1683,30.5061,207,0.0
655703,121.3,31.19,207,0.0
811716,114.1683,30.5061,210,0.0
655703,121.3,31.19,210,0.0
811716,114.1683,30.5061,213,0.0
655703,121.3,31.19,213,0.0
811716,114.1683,30.5061,216,0.0
655703,121.3,31.19,216,0.0
811716,114.1683,30.5061,219,0.0
655703,121.3,31.19,219,0.0
811716,114.1683,30.5061,222,0.0
655703,121.3,31.19,222,0.11249924
811716,114.1683,30.5061,225,0.0
655703,121.3,31.19,225,0.1875
811716,114.1683,30.5061,228,0.0
655703,121.3,31.19,228,0.0625
811716,114.1683,30.5061,231,0.0
655703,121.3,31.19,231,0.0
811716,114.1683,30.5061,234,0.0
655703,121.3,31.19,234,0.0
811716,114.1683,30.5061,237,0.0
655703,121.3,31.19,237,0.0
811716,114.1683,30.5061,240,0.0
655703,121.3,31.19,240,0.0
