diamond 3 _br\20032420.000
2020 03 24 20 -1 0 0 0 0
1 575
54907	116.6500	34.9800	0	15.3000
57046	110.0800	34.4800	0	10.4000
57051	111.2000	34.8000	0	999999.0000
57052	110.4500	34.8800	0	20.9000
57053	110.7200	34.7000	0	19.5000
57054	110.2300	34.5500	0	20.5000
57055	110.0800	34.5500	0	22.2000
57056	110.8800	34.5300	0	21.5000
57057	110.1500	34.1000	0	19.0000
57061	111.2000	34.8300	0	20.5000
57063	111.7700	34.7700	0	17.0000
57065	112.1300	34.5500	0	18.1000
57066	111.6700	34.3800	0	18.6000
57067	111.0300	34.0500	0	18.8000
57070	112.1200	34.7300	0	17.5000
57071	112.4300	34.8200	0	17.2000
57072	112.7500	34.9200	0	17.8000
57074	112.4000	34.4200	0	20.7000
57075	112.8700	34.1700	0	999999.0000
57076	112.7800	34.7300	0	19.2000
57077	111.6500	33.7800	0	18.4000
57078	112.4700	34.1500	0	19.1000
57079	113.0300	34.9500	0	18.2000
57080	112.9700	34.7300	0	20.1000
57081	113.4300	34.8000	0	20.2000
57082	113.0200	34.4700	0	18.6000
57083	113.6500	34.7200	0	19.7000
57084	113.0500	34.5000	0	11.3000
57085	113.3300	34.5300	0	18.9000
57086	113.7200	34.3800	0	19.2000
57087	113.8000	34.2000	0	17.2000
57088	113.5000	34.1500	0	18.7000
57089	113.9300	34.0700	0	17.4000
57090	113.9700	34.7200	0	19.1000
57091	114.3000	34.7800	0	19.3000
57093	114.8200	34.8500	0	17.5000
57094	114.2200	34.4000	0	19.2000
57095	114.1500	34.1200	0	19.9000
57096	114.7800	34.5300	0	17.5000
57098	114.4000	34.0800	0	17.2000
57099	114.8500	34.0700	0	19.4000
57153	110.3300	33.6800	0	19.7000
57154	110.9000	33.5300	0	19.0000
57156	111.5000	33.3000	0	20.4000
57162	112.0800	34.1500	0	18.7000
57169	111.8700	33.0500	0	20.3000
57173	112.8800	33.7500	0	20.5000
57175	112.2300	33.0500	0	20.2000
57176	112.4200	33.4800	0	21.0000
57177	113.5300	33.3300	0	19.3000
57178	112.5800	33.0300	0	20.6000
57179	113.0000	33.2800	0	20.9000
57180	113.2000	33.9800	0	999999.0000
57181	113.0500	33.8800	0	20.8000
57182	113.5200	33.8500	0	19.7000
57183	113.9200	33.8000	0	18.1000
57184	113.3700	33.6300	0	19.7000
57185	113.5800	33.4500	0	20.0000
57186	114.0500	33.6000	0	19.9000
57187	112.9300	33.0700	0	20.8000
57188	114.0300	33.3700	0	20.2000
57189	113.9500	33.1300	0	19.5000
57190	114.4000	33.7500	0	16.8000
57191	114.4800	34.4800	0	17.0000
57192	114.8500	33.7300	0	17.7000
57193	114.5200	33.7800	0	19.7000
57194	114.2700	33.2800	0	19.6000
57195	114.6200	33.6200	0	20.2000
57196	114.8700	33.4700	0	15.6000
57197	114.3500	32.9700	0	19.5000
57198	114.6200	33.5500	0	17.3000
57251	110.4200	33.0000	0	17.3000
57253	110.8200	32.8500	0	19.6000
57254	110.1200	32.8200	0	17.1000
57256	110.7800	32.6500	0	19.4000
57257	110.2300	32.2300	0	16.9000
57259	110.7700	32.0300	0	19.3000
57260	111.5200	32.5700	0	19.7000
57261	111.5200	33.1200	0	20.1000
57265	111.7300	32.4300	0	18.8000
57268	111.6200	32.2700	0	19.7000
57271	112.3800	32.5500	0	20.6000
57273	112.8500	32.6800	0	21.1000
57274	112.1200	32.7000	0	19.5000
57278	112.0800	32.0000	0	19.9000
57279	112.7500	32.1500	0	21.0000
57281	113.3000	32.7000	0	20.8000
57285	113.4200	32.3800	0	21.4000
57290	114.0200	33.0000	0	20.5000
57292	114.6300	32.9700	0	18.7000
57293	114.9800	32.7300	0	18.7000
57294	114.0200	32.8300	0	20.9000
57295	114.3500	32.6200	0	19.9000
57296	114.7300	32.3500	0	20.4000
57297	114.0500	32.1300	0	22.3000
57298	114.5500	32.2200	0	22.0000
57299	114.9000	32.0200	0	22.4000
57355	110.3700	31.0300	0	19.8000
57358	110.9700	30.8300	0	18.1000
57359	110.7300	31.3500	0	20.6000
57361	111.2700	31.8800	0	20.6000
57362	110.6700	31.7500	0	15.9000
57363	111.8300	31.8000	0	20.1000
57368	111.6300	31.0500	0	18.3000
57370	112.2200	31.7300	0	20.3000
57377	112.2200	31.0000	0	18.2000
57378	112.5700	31.1700	0	20.0000
57381	113.3300	31.6200	0	20.9000
57385	113.8200	31.6200	0	21.1000
57386	114.0000	31.2500	0	20.7000
57387	113.1300	31.0000	0	19.3000
57388	113.7000	31.2700	0	21.0000
57389	113.7500	31.0300	0	20.4000
57390	114.0700	31.8000	0	16.0000
57395	114.1200	31.5700	0	21.0000
57396	114.8500	31.6300	0	20.9000
57398	114.6200	31.2800	0	20.2000
57399	114.9500	31.1300	0	19.9000
57453	111.3200	30.7700	0	999999.0000
57458	110.6700	30.2000	0	999999.0000
57460	111.7800	30.8200	0	19.2000
57461	111.3000	30.7000	0	17.8000
57462	111.0800	30.8700	0	18.2000
57464	111.1800	30.4700	0	18.2000
57465	111.4500	30.3800	0	18.8000
57466	111.7500	30.4300	0	18.4000
57469	111.7700	30.1800	0	18.4000
57475	112.9000	30.4000	0	18.7000
57476	112.1500	30.3500	0	18.6000
57477	112.2200	30.0700	0	19.2000
57481	113.5700	30.9500	0	20.4000
57482	113.9500	30.9000	0	18.3000
57483	113.1300	30.6700	0	20.0000
57485	113.4800	30.3000	0	19.5000
57486	113.8500	30.6500	0	19.6000
57489	114.0000	30.5800	0	19.4000
57491	114.4000	30.8700	0	18.4000
57492	114.8000	30.8300	0	19.7000
57493	114.3300	30.3500	0	18.9000
57494	114.0500	30.6000	0	18.0000
57495	114.8800	30.6700	0	19.6000
57496	114.8700	30.3700	0	18.1000
57498	114.9000	30.4300	0	19.0000
57499	114.8800	30.0700	0	17.8000
57543	110.0300	29.9000	0	18.4000
57554	110.1700	29.4000	0	18.5000
57558	110.4700	29.1300	0	19.1000
57562	111.3700	29.5800	0	18.4000
57564	111.1300	29.4300	0	999999.0000
57565	111.7300	29.6700	0	18.3000
57566	111.6500	29.4500	0	17.6000
57571	112.4000	29.7000	0	18.8000
57573	112.9000	29.8300	0	19.8000
57574	112.4000	29.3700	0	18.9000
57575	112.5700	29.5200	0	19.6000
57577	112.1700	29.4000	0	18.6000
57581	113.4500	29.8200	0	20.9000
57582	113.8800	29.7200	0	21.3000
57583	113.9700	29.9200	0	19.6000
57584	113.0800	29.3800	0	20.1000
57585	113.4500	29.4800	0	20.9000
57586	114.0300	29.5300	0	20.4000
57589	113.8000	29.2500	0	20.1000
57590	114.3700	29.8500	0	17.4000
57595	114.5000	29.6000	0	18.4000
57596	114.2000	29.6300	0	15.5000
57598	114.5800	29.0300	0	18.9000
57655	110.4000	28.4700	0	19.2000
57657	110.2000	28.2200	0	19.0000
57658	110.2000	28.0200	0	19.9000
57661	111.4800	28.9200	0	18.7000
57662	111.6800	29.1200	0	17.8000
57663	111.9500	28.9200	0	19.1000
57666	112.1300	28.5200	0	17.7000
57669	111.2200	28.3800	0	17.7000
57671	112.3700	28.8500	0	19.0000
57673	112.8800	28.6800	0	19.1000
57674	112.3800	28.5700	0	18.4000
57678	112.5500	28.2500	0	18.3000
57679	112.7800	28.1200	0	20.4000
57680	113.0700	28.8000	0	18.9000
57682	113.5700	28.7200	0	20.9000
57687	112.9200	28.2200	0	18.7000
57688	113.6300	28.1500	0	19.6000
57694	114.3800	28.5300	0	18.7000
57696	114.7800	28.4000	0	18.4000
57698	114.4500	28.1200	0	18.3000
57699	114.9200	28.2300	0	17.8000
57749	110.0000	27.5700	0	19.6000
57752	110.6000	27.9200	0	18.8000
57754	110.1500	27.3500	0	19.6000
57758	110.5800	27.0700	0	19.4000
57760	111.4300	27.7000	0	18.6000
57761	111.3000	27.7500	0	19.2000
57762	111.7000	27.6800	0	999999.0000
57763	112.0000	27.6800	0	17.4000
57766	111.4500	27.1800	0	18.4000
57767	111.0000	27.1300	0	19.0000
57768	111.4500	27.3200	0	999999.0000
57769	111.7300	27.2300	0	18.7000
57771	112.5300	27.9300	0	17.8000
57772	112.5000	27.7500	0	18.0000
57773	112.8200	27.8700	0	18.6000
57774	112.1700	27.4500	0	18.5000
57776	112.7000	27.3000	0	14.8000
57777	112.8700	27.2300	0	999999.0000
57778	112.9500	27.1000	0	20.1000
57779	113.3500	27.0000	0	19.9000
57780	113.1700	27.8700	0	21.0000
57781	113.5000	27.6500	0	20.1000
57783	113.8200	27.8800	0	19.7000
57786	113.8500	27.6300	0	19.1000
57789	113.9500	27.1300	0	19.9000
57792	114.6800	27.8200	0	18.4000
57793	114.3800	27.8000	0	18.5000
57794	114.0200	27.6300	0	18.4000
57796	114.9300	27.8000	0	17.1000
57798	114.6000	27.4000	0	18.9000
57799	114.9200	27.0500	0	20.3000
57846	110.1500	26.5800	0	21.7000
57851	110.8300	26.4700	0	20.0000
57853	110.6300	26.7300	0	19.9000
57857	110.3200	26.3700	0	21.4000
57859	110.6300	26.0300	0	21.0000
57860	111.2800	27.0000	0	20.1000
57865	111.5800	26.4700	0	20.0000
57866	111.6200	26.2300	0	20.9000
57867	111.2800	26.4000	0	22.2000
57868	111.8700	26.6000	0	21.8000
57870	112.1000	26.8000	0	20.9000
57871	112.3700	26.9800	0	20.6000
57872	112.6000	26.9000	0	20.5000
57874	112.4000	26.4200	0	21.5000
57875	112.6800	26.7500	0	20.0000
57876	112.8300	26.4300	0	21.8000
57881	113.2500	26.7200	0	20.5000
57882	113.5500	26.7800	0	20.5000
57883	114.2800	26.7500	0	19.6000
57886	113.8000	26.4800	0	19.8000
57887	113.1200	26.1200	0	21.4000
57889	113.9500	26.0800	0	18.3000
57891	114.2500	26.9300	0	19.6000
57894	114.1700	26.5800	0	16.5000
57895	114.7800	26.4700	0	21.2000
57896	114.5000	26.3300	0	20.4000
57899	114.9200	26.8000	0	20.3000
57942	110.0000	25.8000	0	21.4000
57954	110.1800	25.2300	0	21.0000
57955	110.6700	25.6200	0	21.4000
57956	110.3200	25.4200	0	20.8000
57957	110.3000	25.3200	0	21.2000
57958	110.3200	25.0800	0	20.9000
57960	111.0700	25.9300	0	21.9000
57962	111.6500	25.9700	0	22.1000
57964	111.1500	25.5000	0	21.8000
57965	111.6000	25.5300	0	21.9000
57966	111.9700	25.6000	0	21.3000
57969	111.3300	25.2700	0	19.8000
57971	112.2000	25.9200	0	22.8000
57972	113.0300	25.8000	0	20.7000
57973	112.7200	25.7500	0	21.6000
57974	112.3700	25.5800	0	21.6000
57975	112.2000	25.3800	0	21.9000
57976	112.9500	25.4200	0	21.8000
57978	112.5500	25.2800	0	20.1000
57981	113.2200	25.9800	0	22.6000
57985	113.6800	25.5700	0	18.1000
57988	113.3500	25.1500	0	20.6000
57989	113.7700	25.0700	0	20.2000
57990	114.3000	25.7000	0	18.5000
57991	114.5500	25.8000	0	20.5000
57992	114.7500	25.6700	0	21.5000
57993	115.0000	25.8700	0	21.0000
57994	114.3500	25.4000	0	20.5000
57995	114.9300	25.4000	0	20.3000
57996	114.2500	25.0800	0	20.7000
58001	115.1000	34.4300	0	17.4000
58002	115.5800	34.8500	0	16.7000
58003	115.8800	34.9500	0	17.8000
58004	115.1500	34.6500	0	17.7000
58005	115.6700	34.4500	0	17.8000
58006	115.8800	34.3800	0	14.4000
58007	115.3000	34.0700	0	16.4000
58008	115.3300	34.4700	0	18.0000
58011	116.0700	34.8000	0	18.5000
58012	116.5800	34.6800	0	16.2000
58013	116.9000	34.7500	0	17.9000
58015	116.3300	34.4500	0	18.1000
58016	116.9700	34.1800	0	16.9000
58017	116.1300	34.2500	0	15.5000
58020	117.1300	34.8000	0	16.7000
58021	117.2800	34.7800	0	17.0000
58022	117.5700	34.7500	0	15.3000
58024	117.5800	34.8700	0	16.1000
58025	117.7300	34.5700	0	17.1000
58026	118.0200	34.4000	0	16.8000
58027	117.1500	34.2800	0	18.1000
58030	118.0700	34.8500	0	17.4000
58032	118.6500	34.9300	0	15.1000
58034	118.3200	34.6000	0	15.3000
58035	118.3500	34.3300	0	15.6000
58036	118.7300	34.5200	0	15.9000
58038	118.7800	34.0800	0	15.2000
58040	119.1300	34.8500	0	15.9000
58041	119.4300	34.7800	0	14.8000
58044	119.2300	34.5300	0	12.0000
58045	119.6000	34.2000	0	12.4000
58047	119.2300	34.2500	0	13.8000
58048	119.3500	34.1200	0	13.9000
58049	119.8000	34.0200	0	13.8000
58100	115.1700	33.6500	0	17.5000
58101	115.4800	33.8700	0	17.5000
58102	115.7700	33.8700	0	18.5000
58104	115.0700	33.4000	0	18.9000
58107	115.2800	33.0200	0	16.8000
58108	115.3300	33.2300	0	15.6000
58109	115.6200	33.1800	0	16.9000
58111	116.4500	33.9700	0	14.4000
58112	116.4500	30.7300	0	13.1000
58113	116.7500	33.9300	0	18.2000
58114	116.1800	33.4800	0	17.8000
58116	116.8300	33.9800	0	16.7000
58117	116.2000	33.1300	0	17.9000
58118	116.5200	33.2700	0	18.0000
58122	116.9800	33.6300	0	14.0000
58125	117.5500	33.5500	0	16.2000
58126	117.8700	33.4700	0	15.9000
58127	117.2000	32.9800	0	19.3000
58128	117.3500	33.3300	0	14.8000
58129	117.8300	33.1500	0	17.0000
58130	117.9500	33.9300	0	16.4000
58131	118.2700	33.9800	0	17.1000
58132	118.6800	33.7200	0	16.3000
58135	118.2200	33.4800	0	16.1000
58138	118.5200	32.9800	0	16.1000
58139	118.9200	33.3000	0	14.7000
58140	119.3000	33.7700	0	13.3000
58141	118.9300	33.6300	0	14.9000
58143	119.8500	33.8000	0	12.6000
58145	119.1500	33.5000	0	14.0000
58146	119.7700	33.4700	0	14.5000
58147	118.9700	32.9800	0	16.1000
58148	119.3000	33.2300	0	15.3000
58202	115.5800	32.6300	0	19.8000
58203	115.7300	32.8700	0	20.1000
58205	115.4300	32.4700	0	19.7000
58207	115.0500	32.1700	0	20.5000
58208	115.6200	32.1700	0	21.0000
58210	116.2300	32.6500	0	20.0000
58212	116.7300	32.7200	0	17.9000
58214	116.2800	32.3300	0	19.4000
58215	116.7800	32.4300	0	17.4000
58220	117.1500	32.4700	0	18.3000
58221	117.3000	32.8500	0	17.6000
58222	117.5500	32.8500	0	17.7000
58223	117.9800	32.8000	0	18.5000
58224	117.0200	32.6500	0	17.1000
58225	117.6700	32.5300	0	18.3000
58230	118.2800	32.1200	0	17.8000
58234	118.4200	32.4700	0	17.5000
58235	118.8500	32.3700	0	17.8000
58236	118.2500	32.3500	0	17.4000
58237	118.5800	32.0700	0	17.6000
58238	118.9000	31.9300	0	16.9000
58240	119.0200	32.6800	0	16.3000
58241	119.4500	32.8000	0	13.9000
58242	119.1700	32.3000	0	18.1000
58243	119.8200	32.9500	0	14.6000
58244	119.5800	32.4500	0	16.0000
58245	119.4200	32.4200	0	17.2000
58246	120.0000	32.5500	0	15.1000
58247	119.8000	32.2700	0	16.3000
58249	120.0000	32.1700	0	15.3000
58252	119.4700	32.1800	0	16.9000
58301	115.3800	31.8200	0	20.4000
58306	115.8800	31.6800	0	19.4000
58311	116.5000	31.7300	0	18.2000
58314	116.3200	31.4000	0	19.6000
58316	116.9200	31.4700	0	19.6000
58317	116.3700	30.8700	0	17.3000
58319	116.9500	31.0700	0	18.8000
58320	117.1300	31.7300	0	17.9000
58321	117.3000	31.7800	0	18.5000
58323	117.4700	31.8800	0	18.8000
58326	117.8300	31.5800	0	17.8000
58327	117.2800	31.2700	0	18.9000
58329	117.8700	31.3300	0	18.0000
58330	118.0800	31.7500	0	17.2000
58331	118.3700	31.7300	0	16.9000
58334	118.3700	31.3800	0	18.7000
58335	118.5200	31.5700	0	16.0000
58336	118.5700	31.7000	0	16.6000
58337	118.1800	31.0800	0	17.6000
58338	118.5800	31.1500	0	17.3000
58339	118.9000	31.3300	0	17.3000
58340	119.0300	31.6500	0	16.5000
58341	119.6000	31.9800	0	16.1000
58342	119.5500	31.7200	0	16.4000
58343	119.9800	31.8800	0	17.3000
58344	119.2000	31.9700	0	16.5000
58345	119.4800	31.4300	0	16.3000
58346	119.8200	31.3300	0	15.8000
58401	115.4000	30.7500	0	19.6000
58402	115.6700	30.7300	0	20.7000
58404	115.2200	30.4700	0	19.4000
58407	115.0300	30.2300	0	18.7000
58408	115.4300	30.2300	0	19.0000
58409	115.9300	30.1000	0	18.7000
58414	116.3200	30.4300	0	19.2000
58415	116.5500	30.6700	0	19.1000
58416	116.8200	30.7500	0	20.0000
58417	116.1300	30.1700	0	999999.0000
58418	116.6700	30.1300	0	19.1000
58419	117.0200	30.1000	0	999999.0000
58420	117.2300	30.7200	0	19.2000
58421	117.8700	30.6300	0	19.2000
58423	117.7800	30.4800	0	17.3000
58424	116.9700	30.6200	0	19.2000
58426	118.1300	30.3000	0	19.0000
58427	117.5000	30.6500	0	19.2000
58428	117.5000	30.2200	0	20.2000
58429	117.8500	30.9800	0	19.1000
58431	118.3200	30.9000	0	18.2000
58432	118.4000	30.6800	0	17.2000
58433	118.7500	30.9300	0	17.8000
58435	118.5300	30.3000	0	19.0000
58436	118.9800	30.6200	0	18.2000
58437	118.1500	30.1300	0	9.4000
58438	118.5800	30.0800	0	16.9000
58441	119.4200	30.8700	0	16.2000
58442	119.1800	31.1700	0	17.3000
58443	119.9000	31.0200	0	16.3000
58446	119.7000	30.6300	0	16.4000
58448	119.7000	30.2200	0	16.0000
58449	119.9500	30.0500	0	16.3000
58454	119.9700	30.5300	0	14.6000
58500	115.2000	29.8500	0	18.7000
58501	115.6300	29.9200	0	17.8000
58502	116.0000	29.7300	0	17.3000
58503	115.6700	29.7000	0	18.3000
58505	115.9000	29.6200	0	17.8000
58506	115.9800	29.5800	0	13.3000
58507	115.1200	29.2500	0	17.3000
58508	115.7700	29.3300	0	17.2000
58509	115.8200	29.0500	0	18.2000
58510	116.2300	29.7300	0	18.3000
58512	116.5500	29.9000	0	19.6000
58514	116.0500	29.4500	0	18.0000
58517	116.2000	29.2700	0	17.6000
58519	116.6800	29.0000	0	19.0000
58520	117.7200	29.8500	0	17.7000
58523	117.9300	29.9300	0	16.7000
58524	117.2200	29.3700	0	18.2000
58527	117.2000	29.3000	0	19.4000
58529	117.8500	29.2700	0	18.7000
58530	118.4300	29.8700	0	16.9000
58531	118.2800	29.7200	0	17.6000
58534	118.1800	29.7800	0	18.0000
58537	118.4000	29.1300	0	16.5000
58542	119.6800	29.8200	0	16.3000
58543	119.0200	29.6200	0	17.1000
58544	119.2700	29.4800	0	17.0000
58546	119.8800	29.4700	0	16.2000
58547	119.1800	29.0300	0	18.5000
58548	119.4700	29.2200	0	18.9000
58549	119.6500	29.1200	0	18.5000
58600	115.3700	28.8700	0	19.0000
58601	115.3800	28.7000	0	18.8000
58602	115.5500	28.8500	0	18.4000
58605	115.3800	28.4200	0	18.3000
58606	115.9200	28.6000	0	17.7000
58607	115.9500	28.5500	0	17.7000
58608	115.5500	28.0700	0	18.0000
58609	115.8200	28.2200	0	18.3000
58612	116.6800	28.7000	0	19.3000
58614	116.2700	28.3800	0	18.8000
58615	117.0800	28.6800	0	18.7000
58616	116.8200	28.2000	0	17.7000
58618	116.6000	28.2300	0	18.7000
58619	116.3700	28.0000	0	19.1000
58620	117.1000	29.0200	0	18.9000
58622	117.5800	28.9500	0	18.4000
58623	117.9200	28.4700	0	18.4000
58624	117.4300	28.4000	0	18.7000
58625	117.6000	28.4200	0	18.9000
58626	117.2500	28.3200	0	18.9000
58627	117.0300	28.2500	0	19.2000
58629	117.7000	28.3200	0	18.5000
58631	118.5000	28.9000	0	17.6000
58632	118.6000	28.7200	0	18.1000
58633	118.9000	29.0000	0	17.8000
58634	118.2500	28.6800	0	17.8000
58635	118.2000	28.4300	0	18.0000
58637	117.9800	28.4500	0	18.4000
58642	119.8000	28.8800	0	18.3000
58644	119.2800	28.6000	0	18.9000
58646	119.9200	28.4500	0	19.9000
58647	119.1300	28.0800	0	19.7000
58693	115.8300	28.7000	0	19.1000
58701	115.4000	27.7700	0	18.2000
58704	115.3500	27.6200	0	17.7000
58705	115.4200	27.3300	0	19.6000
58706	115.8300	27.4300	0	18.6000
58707	115.1300	27.2200	0	20.0000
58710	116.0500	27.7700	0	18.2000
58712	116.7800	27.9200	0	19.3000
58713	117.0700	27.7200	0	18.8000
58714	116.2300	27.5500	0	18.0000
58715	116.6500	27.5800	0	19.6000
58718	116.5300	27.2200	0	19.3000
58719	116.9300	27.3000	0	18.8000
58724	117.3200	27.5300	0	18.8000
58725	117.4700	27.3300	0	18.3000
58730	118.0300	27.7700	0	19.0000
58731	118.5300	27.9200	0	19.0000
58734	118.1200	27.3300	0	17.4000
58735	118.8000	27.5200	0	18.7000
58736	118.8200	27.3700	0	18.3000
58737	118.3200	27.0500	0	16.5000
58742	119.5500	28.1200	0	20.4000
58744	119.4200	27.4500	0	12.7000
58745	119.0800	27.6200	0	19.1000
58746	119.7000	27.5500	0	15.3000
58747	119.3500	27.1500	0	11.6000
58748	119.6500	27.1000	0	17.0000
58749	119.8800	27.2300	0	13.2000
58804	115.3500	26.3500	0	20.3000
58806	116.0200	26.4800	0	19.7000
58813	116.3300	26.8500	0	19.4000
58814	116.3500	26.3500	0	18.9000
58818	116.6300	26.2300	0	19.0000
58819	116.8200	26.1800	0	18.6000
58820	117.1700	26.9000	0	18.4000
58821	117.4700	26.7300	0	999999.0000
58822	116.8500	26.8300	0	17.9000
58823	117.8000	26.8000	0	16.9000
58824	117.1500	26.4000	0	18.1000
58826	117.8000	26.4000	0	16.7000
58828	117.6200	26.2700	0	17.5000
58834	118.1700	26.6300	0	15.8000
58836	118.7300	26.5800	0	14.3000
58837	118.1500	26.1700	0	15.4000
58839	118.8500	26.2300	0	999999.0000
58844	119.1500	26.1500	0	17.4000
58845	119.5300	26.5000	0	14.3000
58846	119.5200	26.6700	0	15.7000
58847	119.2800	26.0800	0	17.3000
58848	119.5500	26.2000	0	16.8000
58903	116.0300	25.9000	0	999999.0000
58905	115.4200	25.9700	0	20.4000
58906	115.8000	25.6000	0	20.9000
58907	115.4000	25.1500	0	19.9000
58911	116.3700	25.8500	0	19.5000
58912	116.7300	25.7200	0	19.5000
58917	116.1000	25.0800	0	19.9000
58918	116.4200	25.0500	0	21.2000
58921	117.3500	25.9700	0	999999.0000
58923	117.8300	25.7000	0	18.4000
58926	117.4200	25.3000	0	20.3000
58927	117.0200	25.0500	0	19.7000
58928	117.5300	25.0200	0	20.2000
58929	118.1500	25.0700	0	19.3000
58931	118.1000	25.7200	0	12.2000
58932	118.9300	25.8700	0	19.2000
58933	118.9800	26.9200	0	12.5000
58934	118.2700	25.3300	0	20.1000
58935	118.2300	25.4800	0	17.1000
58936	118.7000	25.3700	0	18.3000
58938	118.9800	25.2300	0	17.0000
58940	119.3300	26.0800	0	17.7000
58941	119.5000	25.9700	0	17.5000
58942	119.3800	25.7200	0	17.2000
58944	119.7800	25.5200	0	16.2000
58946	119.0000	25.4500	0	17.8000
59063	111.4500	25.1800	0	20.8000
