,level,time,dtime,id,lon,lat,alt,data0
0,1000.0,2019-11-23 08:00:00,0.0,655703,121.2844,31.1408,4.0,1.0554629877683668
1,1000.0,2019-11-23 07:00:00,0.0,655703,121.2844,31.1408,4.0,0.4658161381106342
2,1000.0,2019-11-23 06:00:00,0.0,655703,121.2844,31.1408,4.0,0.45813607666281464
3,1000.0,2019-11-23 05:00:00,0.0,655703,121.2844,31.1408,4.0,0.4723419589809908
4,1000.0,2019-11-23 04:00:00,0.0,655703,121.2844,31.1408,4.0,0.5196290681349613
5,1000.0,2019-11-23 03:00:00,0.0,655703,121.2844,31.1408,4.0,0.2998003866990572
6,1000.0,2019-11-23 02:00:00,0.0,655703,121.2844,31.1408,4.0,0.3341310985877472
7,1000.0,2019-11-23 01:00:00,0.0,655703,121.2844,31.1408,4.0,0.09677768924664754
8,1000.0,2019-11-23 00:00:00,0.0,655703,121.2844,31.1408,4.0,0.16947068638165763
9,1000.0,2019-11-22 23:00:00,0.0,655703,121.2844,31.1408,4.0,0.17963917719585576
10,1000.0,2019-11-22 22:00:00,0.0,655703,121.2844,31.1408,4.0,0.6547323907351985
11,1000.0,2019-11-22 21:00:00,0.0,655703,121.2844,31.1408,4.0,0.7085129384714862
12,1000.0,2019-11-22 20:00:00,0.0,655703,121.2844,31.1408,4.0,0.4236767159541441
13,1000.0,2019-11-22 19:00:00,0.0,655703,121.2844,31.1408,4.0,0.3881801150921952
14,1000.0,2019-11-22 18:00:00,0.0,655703,121.2844,31.1408,4.0,0.4232028138009275
15,1000.0,2019-11-22 17:00:00,0.0,655703,121.2844,31.1408,4.0,0.26730487887019777
16,1000.0,2019-11-22 16:00:00,0.0,655703,121.2844,31.1408,4.0,0.46778353802284606
17,1000.0,2019-11-22 15:00:00,0.0,655703,121.2844,31.1408,4.0,0.7541195346620374
18,1000.0,2019-11-22 14:00:00,0.0,655703,121.2844,31.1408,4.0,0.9614675395120866
19,1000.0,2019-11-22 13:00:00,0.0,655703,121.2844,31.1408,4.0,0.7862205674327076
20,1000.0,2019-11-22 12:00:00,0.0,655703,121.2844,31.1408,4.0,0.7811923758535704
21,1000.0,2019-11-22 11:00:00,0.0,655703,121.2844,31.1408,4.0,0.9316322762212684
22,1000.0,2019-11-22 10:00:00,0.0,655703,121.2844,31.1408,4.0,0.891049606942435
23,1000.0,2019-11-22 09:00:00,0.0,655703,121.2844,31.1408,4.0,0.8918365362859643
24,1000.0,2019-11-22 08:00:00,0.0,655703,121.2844,31.1408,4.0,0.5943284353470191
25,1000.0,2019-11-22 07:00:00,0.0,655703,121.2844,31.1408,4.0,0.5128885595860239
26,1000.0,2019-11-22 06:00:00,0.0,655703,121.2844,31.1408,4.0,0.1261814976588604
27,1000.0,2019-11-22 05:00:00,0.0,655703,121.2844,31.1408,4.0,0.39455212846419513
28,1000.0,2019-11-22 04:00:00,0.0,655703,121.2844,31.1408,4.0,0.5524377770319056
29,1000.0,2019-11-22 03:00:00,0.0,655703,121.2844,31.1408,4.0,0.23018826789678812
30,1000.0,2019-11-22 02:00:00,0.0,655703,121.2844,31.1408,4.0,0.30239640421593306
31,1000.0,2019-11-22 01:00:00,0.0,655703,121.2844,31.1408,4.0,-0.0
32,1000.0,2019-11-22 00:00:00,0.0,655703,121.2844,31.1408,4.0,0.09427221655006245
33,1000.0,2019-11-21 23:00:00,0.0,655703,121.2844,31.1408,4.0,0.3451670737185141
34,1000.0,2019-11-21 22:00:00,0.0,655703,121.2844,31.1408,4.0,0.16947068638165763
35,1000.0,2019-11-21 21:00:00,0.0,655703,121.2844,31.1408,4.0,0.3931102837163538
36,1000.0,2019-11-21 20:00:00,0.0,655703,121.2844,31.1408,4.0,0.3469025014191158
37,1000.0,2019-11-21 19:00:00,0.0,655703,121.2844,31.1408,4.0,0.6789575447310998
38,1000.0,2019-11-21 18:00:00,0.0,655703,121.2844,31.1408,4.0,0.43990306188618844
39,1000.0,2019-11-21 17:00:00,0.0,655703,121.2844,31.1408,4.0,0.5907272652946779
40,1000.0,2019-11-21 16:00:00,0.0,655703,121.2844,31.1408,4.0,0.6176207790953561
41,1000.0,2019-11-21 15:00:00,0.0,655703,121.2844,31.1408,4.0,0.9887663027480073
42,1000.0,2019-11-21 14:00:00,0.0,655703,121.2844,31.1408,4.0,0.9019465036897012
43,1000.0,2019-11-21 13:00:00,0.0,655703,121.2844,31.1408,4.0,0.8017381341599255
44,1000.0,2019-11-21 12:00:00,0.0,655703,121.2844,31.1408,4.0,0.7792292856639131
45,1000.0,2019-11-21 11:00:00,0.0,655703,121.2844,31.1408,4.0,0.8184154884189981
46,1000.0,2019-11-21 10:00:00,0.0,655703,121.2844,31.1408,4.0,1.0587784784491818
47,1000.0,2019-11-21 09:00:00,0.0,655703,121.2844,31.1408,4.0,0.8325660034058779
48,1000.0,2019-11-21 08:00:00,0.0,655703,121.2844,31.1408,4.0,0.612860320986446
49,1000.0,2019-11-21 07:00:00,0.0,655703,121.2844,31.1408,4.0,0.28610688772806264
50,1000.0,2019-11-21 06:00:00,0.0,655703,121.2844,31.1408,4.0,-0.0
51,1000.0,2019-11-21 05:00:00,0.0,655703,121.2844,31.1408,4.0,0.1341256870587293
52,1000.0,2019-11-21 04:00:00,0.0,655703,121.2844,31.1408,4.0,0.12886904439150695
53,1000.0,2019-11-21 03:00:00,0.0,655703,121.2844,31.1408,4.0,0.33587821058790407
54,1000.0,2019-11-21 02:00:00,0.0,655703,121.2844,31.1408,4.0,0.2998337194701816
55,1000.0,2019-11-21 01:00:00,0.0,655703,121.2844,31.1408,4.0,0.1261814976588604
56,1000.0,2019-11-21 00:00:00,0.0,655703,121.2844,31.1408,4.0,0.26514303371806613
57,1000.0,2019-11-20 23:00:00,0.0,655703,121.2844,31.1408,4.0,0.2067398260454128
58,1000.0,2019-11-20 22:00:00,0.0,655703,121.2844,31.1408,4.0,-0.0
59,1000.0,2019-11-20 21:00:00,0.0,655703,121.2844,31.1408,4.0,0.13151737615473172
60,1000.0,2019-11-20 20:00:00,0.0,655703,121.2844,31.1408,4.0,0.09460903592781461
61,1000.0,2019-11-20 19:00:00,0.0,655703,121.2844,31.1408,4.0,0.49802927540616965
62,1000.0,2019-11-20 18:00:00,0.0,655703,121.2844,31.1408,4.0,0.4856635019867621
63,1000.0,2019-11-20 17:00:00,0.0,655703,121.2844,31.1408,4.0,0.5806661354798852
64,1000.0,2019-11-20 16:00:00,0.0,655703,121.2844,31.1408,4.0,1.2214557302408564
65,1000.0,2019-11-20 15:00:00,0.0,655703,121.2844,31.1408,4.0,1.3774457068756085
66,1000.0,2019-11-20 14:00:00,0.0,655703,121.2844,31.1408,4.0,1.0168241182899458
67,1000.0,2019-11-20 13:00:00,0.0,655703,121.2844,31.1408,4.0,1.3253032079655436
68,1000.0,2019-11-20 12:00:00,0.0,655703,121.2844,31.1408,4.0,1.7844942197544125
69,1000.0,2019-11-20 11:00:00,0.0,655703,121.2844,31.1408,4.0,0.7042595382286316
70,1000.0,2019-11-20 10:00:00,0.0,655703,121.2844,31.1408,4.0,1.2491189242719556
71,1000.0,2019-11-20 09:00:00,0.0,655703,121.2844,31.1408,4.0,1.2152083231859987
72,1000.0,2019-11-20 08:00:00,0.0,655703,121.2844,31.1408,4.0,0.17258353685925704
73,1000.0,2019-11-20 07:00:00,0.0,655703,121.2844,31.1408,4.0,0.09558820924431677
74,1000.0,2019-11-20 06:00:00,0.0,655703,121.2844,31.1408,4.0,0.29307917690629937
75,1000.0,2019-11-20 05:00:00,0.0,655703,121.2844,31.1408,4.0,0.3663489711328742
76,1000.0,2019-11-20 04:00:00,0.0,655703,121.2844,31.1408,4.0,0.0516849565113532
77,1000.0,2019-11-20 03:00:00,0.0,655703,121.2844,31.1408,4.0,0.39455212846419513
78,1000.0,2019-11-20 02:00:00,0.0,655703,121.2844,31.1408,4.0,0.46943990470555247
79,1000.0,2019-11-20 01:00:00,0.0,655703,121.2844,31.1408,4.0,0.21621455336300463
80,1000.0,2019-11-20 00:00:00,0.0,655703,121.2844,31.1408,4.0,0.09999987317275395
81,1000.0,2019-11-19 23:00:00,0.0,655703,121.2844,31.1408,4.0,0.16827685032413225
82,1000.0,2019-11-19 22:00:00,0.0,655703,121.2844,31.1408,4.0,0.24304166463719973
83,1000.0,2019-11-19 21:00:00,0.0,655703,121.2844,31.1408,4.0,0.5942989226626505
