,level,time,dtime,id,lon,lat,alt,data0
0,1000.0,2019-11-23 08:00:00,0.0,655703,121.2844,31.1408,4.0,-0.9197814313471827
1,1000.0,2019-11-23 07:00:00,0.0,655703,121.2844,31.1408,4.0,-0.37817367105034494
2,1000.0,2019-11-23 06:00:00,0.0,655703,121.2844,31.1408,4.0,-0.6558287392757378
3,1000.0,2019-11-23 05:00:00,0.0,655703,121.2844,31.1408,4.0,-0.3699906401329633
4,1000.0,2019-11-23 04:00:00,0.0,655703,121.2844,31.1408,4.0,-0.4690262589122187
5,1000.0,2019-11-23 03:00:00,0.0,655703,121.2844,31.1408,4.0,-0.010942035235539077
6,1000.0,2019-11-23 02:00:00,0.0,655703,121.2844,31.1408,4.0,-0.37196291341549786
7,1000.0,2019-11-23 01:00:00,0.0,655703,121.2844,31.1408,4.0,-0.1750259376894731
8,1000.0,2019-11-23 00:00:00,0.0,655703,121.2844,31.1408,4.0,-0.10620586828104106
9,1000.0,2019-11-22 23:00:00,0.0,655703,121.2844,31.1408,4.0,-0.08791908789560969
10,1000.0,2019-11-22 22:00:00,0.0,655703,121.2844,31.1408,4.0,-0.45970152982361434
11,1000.0,2019-11-22 21:00:00,0.0,655703,121.2844,31.1408,4.0,-0.554985960199445
12,1000.0,2019-11-22 20:00:00,0.0,655703,121.2844,31.1408,4.0,-0.26551467070260265
13,1000.0,2019-11-22 19:00:00,0.0,655703,121.2844,31.1408,4.0,-0.31514472587528747
14,1000.0,2019-11-22 18:00:00,0.0,655703,121.2844,31.1408,4.0,-0.6788957050909791
15,1000.0,2019-11-22 17:00:00,0.0,655703,121.2844,31.1408,4.0,-0.2975703307323983
16,1000.0,2019-11-22 16:00:00,0.0,655703,121.2844,31.1408,4.0,-0.5207480787816969
17,1000.0,2019-11-22 15:00:00,0.0,655703,121.2844,31.1408,4.0,-0.9334365149495235
18,1000.0,2019-11-22 14:00:00,0.0,655703,121.2844,31.1408,4.0,-1.2788980297367631
19,1000.0,2019-11-22 13:00:00,0.0,655703,121.2844,31.1408,4.0,-0.9065634116518222
20,1000.0,2019-11-22 12:00:00,0.0,655703,121.2844,31.1408,4.0,-1.03910464916112
21,1000.0,2019-11-22 11:00:00,0.0,655703,121.2844,31.1408,4.0,-0.7563473421006899
22,1000.0,2019-11-22 10:00:00,0.0,655703,121.2844,31.1408,4.0,-0.12661199772427653
23,1000.0,2019-11-22 09:00:00,0.0,655703,121.2844,31.1408,4.0,0.4523578147279585
24,1000.0,2019-11-22 08:00:00,0.0,655703,121.2844,31.1408,4.0,0.36982929972889406
25,1000.0,2019-11-22 07:00:00,0.0,655703,121.2844,31.1408,4.0,0.4763877889343656
26,1000.0,2019-11-22 06:00:00,0.0,655703,121.2844,31.1408,4.0,0.1551716135398708
27,1000.0,2019-11-22 05:00:00,0.0,655703,121.2844,31.1408,4.0,0.45202723139692946
28,1000.0,2019-11-22 04:00:00,0.0,655703,121.2844,31.1408,4.0,0.42989824669105897
29,1000.0,2019-11-22 03:00:00,0.0,655703,121.2844,31.1408,4.0,0.19238856858627668
30,1000.0,2019-11-22 02:00:00,0.0,655703,121.2844,31.1408,4.0,0.26183279916250757
31,1000.0,2019-11-22 01:00:00,0.0,655703,121.2844,31.1408,4.0,-0.0
32,1000.0,2019-11-22 00:00:00,0.0,655703,121.2844,31.1408,4.0,0.17638806418445138
33,1000.0,2019-11-21 23:00:00,0.0,655703,121.2844,31.1408,4.0,0.4907745828999275
34,1000.0,2019-11-21 22:00:00,0.0,655703,121.2844,31.1408,4.0,-0.10620586828104106
35,1000.0,2019-11-21 21:00:00,0.0,655703,121.2844,31.1408,4.0,-0.4532817058259111
36,1000.0,2019-11-21 20:00:00,0.0,655703,121.2844,31.1408,4.0,-0.3600814553808074
37,1000.0,2019-11-21 19:00:00,0.0,655703,121.2844,31.1408,4.0,-0.17034274992707063
38,1000.0,2019-11-21 18:00:00,0.0,655703,121.2844,31.1408,4.0,-0.5445046337205554
39,1000.0,2019-11-21 17:00:00,0.0,655703,121.2844,31.1408,4.0,-0.10507758104120597
40,1000.0,2019-11-21 16:00:00,0.0,655703,121.2844,31.1408,4.0,-0.32946103446332664
41,1000.0,2019-11-21 15:00:00,0.0,655703,121.2844,31.1408,4.0,-0.991131272107805
42,1000.0,2019-11-21 14:00:00,0.0,655703,121.2844,31.1408,4.0,-0.9362117839900992
43,1000.0,2019-11-21 13:00:00,0.0,655703,121.2844,31.1408,4.0,-1.1477002937325411
44,1000.0,2019-11-21 12:00:00,0.0,655703,121.2844,31.1408,4.0,-0.18111245226021255
45,1000.0,2019-11-21 11:00:00,0.0,655703,121.2844,31.1408,4.0,-0.5746269122795179
46,1000.0,2019-11-21 10:00:00,0.0,655703,121.2844,31.1408,4.0,-0.5647903447942743
47,1000.0,2019-11-21 09:00:00,0.0,655703,121.2844,31.1408,4.0,-0.8641954929139377
48,1000.0,2019-11-21 08:00:00,0.0,655703,121.2844,31.1408,4.0,0.33823398256294446
49,1000.0,2019-11-21 07:00:00,0.0,655703,121.2844,31.1408,4.0,0.638860586352423
50,1000.0,2019-11-21 06:00:00,0.0,655703,121.2844,31.1408,4.0,-0.0
51,1000.0,2019-11-21 05:00:00,0.0,655703,121.2844,31.1408,4.0,0.14835868721117687
52,1000.0,2019-11-21 04:00:00,0.0,655703,121.2844,31.1408,4.0,0.1529469496185518
53,1000.0,2019-11-21 03:00:00,0.0,655703,121.2844,31.1408,4.0,0.21722299061625036
54,1000.0,2019-11-21 02:00:00,0.0,655703,121.2844,31.1408,4.0,0.009987025016310507
55,1000.0,2019-11-21 01:00:00,0.0,655703,121.2844,31.1408,4.0,0.1551716135398708
56,1000.0,2019-11-21 00:00:00,0.0,655703,121.2844,31.1408,4.0,0.14035373764449754
57,1000.0,2019-11-20 23:00:00,0.0,655703,121.2844,31.1408,4.0,0.3424304956143837
58,1000.0,2019-11-20 22:00:00,0.0,655703,121.2844,31.1408,4.0,-0.0
59,1000.0,2019-11-20 21:00:00,0.0,655703,121.2844,31.1408,4.0,0.15067574379897652
60,1000.0,2019-11-20 20:00:00,0.0,655703,121.2844,31.1408,4.0,0.03239028127092269
61,1000.0,2019-11-20 19:00:00,0.0,655703,121.2844,31.1408,4.0,-0.04434907934112764
62,1000.0,2019-11-20 18:00:00,0.0,655703,121.2844,31.1408,4.0,-0.5041140375331303
63,1000.0,2019-11-20 17:00:00,0.0,655703,121.2844,31.1408,4.0,-1.0501556261368385
64,1000.0,2019-11-20 16:00:00,0.0,655703,121.2844,31.1408,4.0,-1.182389909912029
65,1000.0,2019-11-20 15:00:00,0.0,655703,121.2844,31.1408,4.0,-1.1587248701093609
66,1000.0,2019-11-20 14:00:00,0.0,655703,121.2844,31.1408,4.0,-0.6372352096862464
67,1000.0,2019-11-20 13:00:00,0.0,655703,121.2844,31.1408,4.0,-0.8964214449444188
68,1000.0,2019-11-20 12:00:00,0.0,655703,121.2844,31.1408,4.0,-0.6523652195381742
69,1000.0,2019-11-20 11:00:00,0.0,655703,121.2844,31.1408,4.0,-0.9716061459325968
70,1000.0,2019-11-20 10:00:00,0.0,655703,121.2844,31.1408,4.0,-0.36014151805321326
71,1000.0,2019-11-20 09:00:00,0.0,655703,121.2844,31.1408,4.0,0.8793569987550411
72,1000.0,2019-11-20 08:00:00,0.0,655703,121.2844,31.1408,4.0,0.24538729144996374
73,1000.0,2019-11-20 07:00:00,0.0,655703,121.2844,31.1408,4.0,-0.029375061761036637
74,1000.0,2019-11-20 06:00:00,0.0,655703,121.2844,31.1408,4.0,0.2722215936767804
75,1000.0,2019-11-20 05:00:00,0.0,655703,121.2844,31.1408,4.0,0.34027699209597545
76,1000.0,2019-11-20 04:00:00,0.0,655703,121.2844,31.1408,4.0,0.08560762390359593
77,1000.0,2019-11-20 03:00:00,0.0,655703,121.2844,31.1408,4.0,0.45202723139692946
78,1000.0,2019-11-20 02:00:00,0.0,655703,121.2844,31.1408,4.0,0.519255405239119
79,1000.0,2019-11-20 01:00:00,0.0,655703,121.2844,31.1408,4.0,0.20796938936785003
80,1000.0,2019-11-20 00:00:00,0.0,655703,121.2844,31.1408,4.0,-0.00015926529164868284
81,1000.0,2019-11-19 23:00:00,0.0,655703,121.2844,31.1408,4.0,0.2483604268900132
82,1000.0,2019-11-19 22:00:00,0.0,655703,121.2844,31.1408,4.0,0.1758713997510082
83,1000.0,2019-11-19 21:00:00,0.0,655703,121.2844,31.1408,4.0,0.08251539566658407
