diamond  2 2020年01月01日08时--850百帕高空观测                                                                 
  20 01 01 08    850    431
01028    19.00    74.50   18 1    120    -13     15    335      7
01241     9.61    63.71   30 1    140     -4      0    263     33
01415     5.66    58.87   37 1    154     -3      6    275     14
02365    17.43    62.52    3 1    139     -3      2    315     25
02527    12.28    57.65  164 1    153      1     11    315     13
02591    18.35    57.67   47 1    148     -5     15    311     14
02836    26.63    67.37  179 1    125     -9      6    323     11
02963    23.50    60.81  103 1    139     -5      8    295     14
03882     0.32    50.88   52 1    159      7     41    145      8
06260     5.18    52.10    2 1    161      6     49    145      1
06458     4.79    50.76  105 1    161      7     37    130      6
06610     6.94    46.81  490 1    160      7     18     69     10
07145     2.01    48.77  168 1    159      6     26    158      9
07645     4.41    43.86   60 1    159      7     24     22      5
07761     8.79    41.92    5 1    159      5     13    289      3
08190     2.12    41.38   91 1    162      9     25    280      1
08302     2.70    39.60   41 1    160      8     23    340      4
10035     9.55    54.53   43 1    160      1     38    305     13
10113     7.15    53.70   15 1    160      4     46    340      5
10184    13.40    54.08    6 1    156      1     31    325     14
10238     9.92    52.82   70 1    160      2     34    360      8
10393    14.12    52.22  103 1    157     -1     30    315      8
10410     6.97    51.40  149 1    161      5     49     45      4
10548    10.37    50.55  452 1    161      2     36     20      4
10618     7.33    49.69  376 1    161      6     37     11      4
10739     9.20    48.83  317 1    161      5     35      5      3
10771    11.90    49.43  415 1    160      1     31     43      2
10868    11.55    48.23  489 1    160      3     30    310      4
11035    16.36    48.25  208 1    158     -2     12    349      8
11520    14.43    50.00  303 1    158     -1     24    330      7
11747    17.13    49.45  216 1    156     -3      8      5      7
11952    20.32    49.03  703 1    153     -4      5    305      6
12120    17.53    54.75    5 1    152     -4     16    337     17
12374    20.95    52.40   96 1    150     -5      7    345     13
12425    16.87    51.10  119 1    156     -3     11    337      9
12843    19.18    47.43  139 1    155      0     21      5      7
12982    20.10    46.25   83 1    155     -3      7    340      5
13275    20.42    44.77  203 1    154     -2      4     14     12
13388    21.90    43.33  202 1    154     -3      2    320     20
14240    16.03    45.82  127 1    158      2      8    350      6
14430    15.33    44.08   79 1    158      5     11     65      4
15420    26.07    44.50   91 1   9999   9999   9999    350      9
16045    13.05    45.97   52 1    159      7     13     25      0
16080     9.27    45.45  103 1    159      8     18    120      7
16113     7.60    44.53  386 1    160      9     19    340      2
16245    12.45    41.67   35 1    157      7     38     79      2
16320    17.95    40.65   10 1    157      4     32     30     11
16429    12.48    37.90    9 1    157      0     16     25      6
16546     8.97    39.34   22 1    158      3     40     39      6
16622    22.97    40.52    8 1    132   9999   9999   9999   9999
16754    25.18    35.34   39 1    151      1      0    341      9
17030    36.30    41.28    4 1    147      0      1    290      5
17064    29.15    40.90   18 1    148      1     21    305      6
17095    41.28    39.90 1869 1    150   9999   9999   9999   9999
17196    35.40    38.70 1070 1    148      0      1     75      1
17220    27.17    38.43   29 1    149      1      4    340      2
17240    30.55    37.75  997 1    149     -1      2    345      2
17281    40.20    37.90  675 1    148      1      1    295      3
17351    35.35    36.98   27 1    149      2      6    325      2
20744    52.70    72.37   14 1    103    -17      2    315     14
21432   137.87    76.00   14 1    127    -34      5    245     50
21824   128.92    71.58    7 1    130    -30      4    185      5
21946   147.88    70.62   61 1    136    -18      9    155      9
22008    33.14    68.99  116 1    119    -13      4    330     16
22217    32.35    67.17   25 1    121    -11      1    335     14
22271    44.17    67.87    8 1    115    -12      3    270     15
22522    34.65    64.95    7 1    123     -9      6    313     15
22543    40.50    64.62    6 1    120    -12      6    295     13
22820    34.27    61.82  111 1    128    -11      5    330     12
22845    38.93    61.50  126 1    125    -13      2    330      8
23205    53.02    67.62   11 1    111    -14      4    320     11
23330    66.67    66.52   16 1    107    -15      1    315      7
23415    57.10    65.12   58 1    112    -13      1    330     12
23472    87.98    65.78   37 1    130    -13      8    190     19
23802    50.77    61.67  117 1    119    -14      4    345     12
23884    90.02    61.57   57 1    134    -15      0    200     10
23921    60.45    60.68   94 1    113    -12      1    290      7
23933    69.12    61.02   44 1    114    -16      2    240     12
23955    77.87    60.43   48 1    125    -11      1   9999   9999
24266   133.40    67.57  136 1    128    -25      1    185      9
24507   100.22    64.27  190 1    136    -10     13    285      4
24641   121.62    63.78  110 1    127    -27      1    215      9
24688   143.15    63.25  739 1    134    -32      3     95      6
24726   113.87    62.53  357 1    131    -18      3    295     19
24908   102.28    60.33  260 1    141    -12      6    255      6
24947   120.40    60.37  133 1    134    -18      1    297     17
24959   129.72    62.02   98 1    131    -23      3    249      6
25123   161.28    68.75   28 1    141    -22      6    265      2
25403   150.90    65.73   39 1    134    -15     14    197     11
25428   160.53    65.23  260 1    141    -18     15    165      7
25703   152.42    62.92  208 1    137    -13      1    151     13
25913   150.78    59.55  115 1    130    -12      1    120     31
26038    24.60    59.38   34 1    139     -7      3    310     15
26075    30.70    59.95   74 1    133    -11      6    342     13
26298    34.04    57.90  187 1    130     -9      1    349     14
26477    30.61    56.34  104 1    134    -10      2    345     17
26702    20.62    54.70   19 1    149     -5      4    338     14
26781    32.07    54.75  236 1    133     -8      0    351     19
26850    27.63    53.92  223 1    138     -7      0    350     20
27038    39.93    59.32  124 1    125    -10      1    349     10
27199    49.57    58.57  158 1    120    -12      3    356      9
27459    44.00    56.27  157 1    123     -4      0    303      7
27594    48.51    55.81  126 1    124     -5      1    264      6
27707    35.35    54.10  238 1    129     -6      0    335     14
27713    37.52    55.93  181 1    126     -6      1    333     12
27730    39.70    54.63  156 1    126     -5      1    305      9
27962    45.02    53.12  172 1    126     -5      0    300      7
27995    49.43    52.98   45 1    126     -6      0    285      4
28225    56.18    57.95  170 1    119     -8      0    295     11
28275    68.25    58.15   46 1    118    -13      1    240     12
28445    61.07    56.73  287 1    119    -10      0    285     21
28661    65.40    55.45   73 1    122    -12      2    285     12
28695    73.40    54.93   90 1    130    -10      5    236     18
28722    55.80    54.70  104 1    124     -7      0    285      9
28951    63.62    53.23  171 1    127    -11      2    270     15
29231    82.95    58.32   75 1    133    -14      0    240     15
29263    92.20    58.45   77 1    139    -19      1    215     15
29282    97.45    58.38  131 1    141    -13      0    234      9
29572    92.61    56.18  204 1    143    -14      3    243     16
29612    78.30    55.35  119 1    134    -14      2    225     10
29634    82.95    54.97  175 1    138    -14      1    225     21
29839    83.83    53.50  145 1    141    -12      1    225     17
29862    91.30    53.77  254 1    146    -10      3    259     11
30054   112.58    59.45  190 1    141    -18      4    270     13
30230   108.07    57.77  256 1    140    -16      2    269      9
30309   101.75    56.28  410 1    146    -12      0    273      9
30372   118.27    56.90  710 1    140    -26      4    205      8
30557   113.58    54.47  994 1    145    -19      2    305      4
30635   109.01    53.25  461 1    146    -17      2    256      6
30715   103.85    52.48  435 1    147    -10      2    319      3
30758   113.48    52.08  670 1    145    -19      6    300      5
30935   108.75    50.37  770 1    148    -16      2    275      6
31004   125.37    58.62  679 1    136    -23      2    285     10
31088   143.20    59.37    5 1    122    -11      1    105     38
31168   138.15    56.45    6 1    115    -12      1     29     30
31369   140.68    53.13   45 1    111    -22      2    305     31
31510   127.48    50.28  169 1    136    -21      6    345     14
31538   132.13    50.07  347 1    131    -24      3    325     14
31736   135.23    48.53   72 1    129    -19      5    310     23
31770   140.30    49.00   23 1    122    -17      8    305     18
31873   133.73    45.87  104 1    136    -26      6    300     11
31977   132.05    43.27   86 1    142    -18     10    325     21
32061   142.17    50.90   31 1    118    -23      3    275     15
32098   143.10    49.22    8 1    120    -17      8    330     13
32150   142.72    46.95   24 1    124    -22      3    270     14
32389   160.83    56.32   28 1    141    -14      4    145     22
32540   158.58    53.08   83 1    138     -9      2    130     25
32618   165.98    55.20   17 1    149    -12     15    135      4
33345    30.57    50.40  167 1    137     -6      1    325     18
33393    23.95    49.82  323 1    148     -6      1    320     20
33837    30.77    46.43   42 1    142     -3      6    325     20
34009    36.17    51.77  246 1    131     -6      1    336     13
34122    39.25    51.65  104 1    129     -5      0    320     13
34172    46.03    51.55  166 1    127     -7      1    290      7
34247    41.05    50.42   91 1    130     -5      0    315      6
34300    36.13    49.97  155 1    132     -4      1    335      9
34467    44.33    48.78  141 1    133      2      1    270     19
34731    39.82    47.25   81 1    137      0      0    254     22
34858    43.35    45.92   86 1    140     -1      6    275     17
34882    47.98    46.28  -17 1    139      1     12    265     11
35121    55.07    51.68  117 1    129     -8      1    250     15
35229    57.15    50.28  219 1    133     -6      1    245     20
35394    73.15    49.80  553 1    142    -11      2    245     18
35671    67.72    47.80  346 1    144     -8      3    270     15
35700    51.92    47.12  -22 1    137     -3      6    255     15
36003    76.93    52.30  122 1    141    -12      1    250     19
36096    94.50    51.72  626 1    151    -18      0    118      5
36872    77.00    43.35  662 1    151     -1      3    275      2
37055    43.12    44.20  311 1    143      1      5    257      6
37259    47.50    43.00  -18 1    144      2     14    305     10
37789    44.50    40.22 1134 1    147      1      4    230      1
38064    65.52    44.77  133 1    146     -5      3    255     10
38341    71.30    42.85  652 1    150     -1      3    240      3
40179    34.82    32.00   35 1   9999   9999   9999    280      3
40265    36.25    32.37  683 1    153      4      6    265      4
40373    46.13    28.32  358 1   9999   9999   9999    305     10
40375    36.60    28.38  768 1   9999   9999   9999    135      9
40394    41.68    27.43 1002 1   9999   9999   9999    105      7
40417    49.82    26.45   12 1   9999   9999   9999    260      8
40430    39.70    24.55  636 1   9999   9999   9999    210      4
40437    46.72    24.93  614 1   9999   9999   9999    260      2
40706    46.28    38.08 1361 1    148      1      2    295      2
40745    59.63    36.27  999 1    146      1      1    325      6
40754    51.32    35.68 1191 1    146      3      1     55      1
40800    51.70    32.52 1550 1    148   9999   9999   9999   9999
40848    52.60    29.53 1484 1    148   9999   9999   9999   9999
40856    60.88    29.47 1370 1    147     10     12    185      5
40948    69.22    34.55 1791 1    154   9999   9999   9999   9999
41024    39.18    21.70   17 1   9999   9999   9999    190      8
41112    42.65    18.23 2093 1    153   9999   9999   9999   9999
41217    54.65    24.43   27 1    150     13     15    345      8
41316    54.10    17.03   23 1    152     14      4    330      3
41883    89.37    24.85   20 1   9999   9999   9999     95      5
41891    91.88    24.90   35 1    155     14      9    115      5
41923    90.38    23.77    9 1   9999   9999   9999    130      3
41936    89.17    23.18    7 1   9999   9999   9999    310      4
41943    91.42    23.03    8 1   9999   9999   9999    360      3
41950    90.37    22.75    4 1   9999   9999   9999    340      4
41977    91.82    22.35   34 1    155     14      2    190      8
41992    91.93    21.43    4 1   9999   9999   9999     20      4
42027    74.83    34.08 1587 1    155   9999   9999   9999   9999
42182    77.20    28.58  216 1    151      7      7     15      1
42299    88.62    27.33 1756 1    151   9999   9999   9999   9999
42314    95.02    27.48  111 1    157     13      8     70      8
42361    78.25    26.23  207 1    152     10     11    115      6
42369    80.88    26.75  124 1    152      9     16    125      5
42379    83.37    26.75   77 1    152      8      2    115     11
42410    91.58    26.10   72 1    153     13     10     85      7
42492    85.17    25.60   57 1    153     10      6    110     11
42623    93.90    24.77  774 1   9999   9999   9999   9999   9999
42634    69.80    23.25  117 1   9999   9999   9999   9999   9999
42647    72.63    23.07   56 1    150     11      2    135      6
42667    77.35    23.28  521 1    151     13      1    200      8
42724    91.25    23.88   38 1    155     14      3    170      9
42809    88.45    22.65    6 1    152     14     35    255      3
42867    79.05    21.10  310 1    151     13      2    185     12
42874    81.65    21.23  296 1    152     14      4    180      8
42971    85.83    20.25   49 1    153     17     10    150      3
43003    72.85    19.12   14 1    149     17     45    230      5
43014    75.40    19.85  585 1    150     18     11    210     13
43041    82.03    19.08  554 1    153     16      6    190      8
43128    78.47    17.45  535 1    151     16      2    155      4
43150    83.30    17.68   69 1    153     14      0    135      7
43185    81.15    16.20    9 1    153     15      1    145      8
43192    73.82    15.48   64 1    151     23      9    215      3
43201    75.63    15.42  669 1   9999   9999   9999   9999   9999
43279    80.18    13.00   15 1    152     16      3     75      7
43285    74.83    12.95   32 1    152     18      2    115      3
43295    77.58    12.97  923 1    153     15      0    125      8
43333    92.72    11.67   78 1    153     17      0    115     14
43346    79.83    10.92    6 1    152     16      2     80      7
43353    76.27     9.95    3 1    152     17      1    105      6
43369    73.15     8.30    1 1    151     18      3     75      6
43371    76.95     8.48   64 1    152     20      4     70      7
44231   100.17    49.63 1283 1    150    -15      5      0      0
44292   106.87    47.92 1729 1    148    -18      4      0      0
44373   104.42    43.58 1465 1    151    -14      7    270      2
45004   114.17    22.31   66 1   9999   9999   9999    185      2
47102   124.62    37.95  146 1    153    -11      0    295      9
47104   128.85    37.80   80 1    150     -8     15    305     18
47122   127.03    37.08   52 1    154    -11      3    285     12
47138   129.37    36.02    3 1    152      1     42    305     20
47155   128.57    35.17   36 1    154      2     30    298     16
47158   126.80    35.12   13 1    155     -5     18    300     13
47169   125.45    34.68   77 1    155     -1     48    295      9
47401   141.67    45.40   11 1    129    -20      4    265     14
47412   141.32    43.05   26 1    135    -17      2    270     12
47418   144.44    42.95   14 1    134    -18      4    258     19
47580   141.37    40.70   39 1    139    -13      1    275     25
47582   140.08    39.72   21 1    144    -11      5    255     16
47600   136.88    37.38    6 1    148     -7      0    265     18
47646   140.12    36.05   27 1    148     -4      4    245      9
47678   139.77    33.12  156 1    151      1      5    355      6
47741   133.05    35.45   22 1    152     -7      0    280     13
47778   135.75    33.45   69 1    152      1     25    320     12
47807   130.37    33.57   15 1    155     -1     29    325     10
47827   130.53    31.55   31 1    155      3     36    330      6
47918   124.15    24.33   14 1    159      6      1    295      1
47945   131.22    25.82   20 1    158     12     32    340      5
47971   142.18    27.08    8 1    155     10      2    285     13
47991   153.98    24.28    8 1    158     13      1    165      7
48453   100.60    13.65    2 1   9999   9999   9999     90      8
48477   100.98    12.68   21 1   9999   9999   9999     70      7
48601   100.27     5.30    4 1   9999   9999   9999     80      4
48615   102.28     6.17    5 1   9999   9999   9999     80     11
48650   101.70     2.72   17 1   9999   9999   9999     20      7
48657   103.22     3.78   16 1   9999   9999   9999     40     13
48698   103.98     1.37   16 1   9999   9999   9999      5     10
48839   107.72    20.13   56 1    159     13      2    115      7
48845   105.68    18.67    6 1    158     14      1     95      9
48855   108.35    16.07    7 1    158     14      0    105      9
48887   108.10    10.93    5 1   9999   9999   9999     55     20
48900   106.67    10.82    5 1    155     17      9     65     11
48914   105.15     9.18    2 1   9999   9999   9999     60     18
50527   119.70    49.25  649 1    147    -18     11    315      8
50557   125.23    49.16  243 1    140    -20     10    348     17
50745   123.92    47.38  147 1    144    -18     10    310      9
50774   128.84    47.71  265 1    138    -26      3    305     16
50834   121.22    46.60  501 1    147    -13     12    333     11
50953   126.57    45.93  119 1    144    -19      9    312     17
51076    88.07    47.74  736 1    152     -6      2    131      4
51133    83.00    46.73  536 1    152     -5      1    278      4
51243    84.85    45.62  451 1    152     -5      1     99      1
51288    90.53    45.37 1654 1   9999   9999   9999   9999   9999
51431    81.33    43.95  664 1    152     -3      0    147      2
51463    87.65    43.78  936 1    152     -9      0    350      1
51628    80.38    41.12 1108 1    151     -4      5    217      2
51644    82.97    41.72 1082 1    151     -4      6    273      3
51656    85.82    41.73  901 1    151     -5      7    358      2
51709    75.75    39.48 1386 1    151     -4      5     24      0
51777    88.18    39.02  889 1    151     -5      9    248      8
51828    79.93    37.13 1375 1    151     -3      9    132      2
51839    82.72    37.07 1410 1    152     -2     11    196      2
51886    90.85    38.25 2952 1   9999   9999   9999   9999   9999
52203    93.52    42.82  738 1    149     -5     15    320      2
52267   101.06    41.96  939 1    151     -7     10     92      2
52323    97.03    41.80 1772 1   9999   9999   9999   9999   9999
52418    94.68    40.15 1140 1    150     -6      8    333      3
52495   104.80    40.16 1291 1    148     -8      4    113      2
52533    98.48    39.77 1478 1    151    -12      7    302      2
52652   100.28    39.08 1462 1    151    -13      6    319      4
52681   103.08    38.63 1369 1    151    -14      5     94      4
52818    94.91    36.42 2813 1   9999   9999   9999   9999   9999
52836    98.10    36.30 3198 1   9999   9999   9999   9999   9999
52866   101.73    36.66 2410 1   9999   9999   9999   9999   9999
52983   104.10    35.87 1876 1   9999   9999   9999   9999   9999
53068   111.94    43.63  964 1    150     -8     15    277      7
53336   108.52    41.57 1289 1    152    -13      8    205      3
53463   111.57    40.86 1154 1    153    -11     15    317      2
53513   107.37    40.73 1042 1    152     -9      9    203      3
53543   110.02    39.82 1463 1    153     -8     13    193      1
53614   106.20    38.47 1112 1    152     -4      9     41      2
53772   112.58    37.62  777 1    153     -3      7    266      2
53798   114.37    37.18  184 1    153      0     12     58      2
53845   109.45    36.58 1181 1    153     -4      4    237      5
53915   106.67    35.53 1469 1    153     -9      4    354      1
54102   116.12    43.95 1003 1    150    -14      6    245      8
54135   122.27    43.60  179 1    149    -11     25    301      9
54161   125.22    43.90  238 1    146    -14     13    301     12
54218   118.83    42.31  669 1    151     -9     27    253      3
54292   129.50    42.87  259 1    145    -19      8    285     21
54337   121.12    41.13   65 1    151     -9     25    210      6
54374   126.88    41.80  381 1    149    -17      8    281     11
54401   114.92    40.77  774 1    152     -8     11    256      5
54497   124.33    40.03   13 1    151    -11     25    315      8
54511   116.47    39.80   32 1    152     -4     16    196      1
54539   118.88    39.43    9 1    152     -6     21    282      6
54662   121.64    38.91   92 1    152     -4     43    287      9
54727   117.52    36.65  263 1    154     -2     13    248      9
54778   122.37    37.15   78 1    154     -3     43    279     11
54857   120.33    36.07   75 1    155     -1     14    296      8
55299    92.07    31.48 4508 1   9999   9999   9999   9999   9999
55591    91.13    29.67 3650 1   9999   9999   9999   9999   9999
55664    87.08    28.63 4301 1   9999   9999   9999   9999   9999
56004    92.44    34.22 4543 1   9999   9999   9999   9999   9999
56029    96.96    33.00 3724 1   9999   9999   9999   9999   9999
56046    99.65    33.76 3968 1   9999   9999   9999   9999   9999
56080   102.90    35.00 2910 1   9999   9999   9999   9999   9999
56096   104.92    33.40 1080 1    152      2      5    307      1
56137    97.17    31.15 3316 1   9999   9999   9999   9999   9999
56146   100.00    31.62 3394 1   9999   9999   9999   9999   9999
56173   102.55    32.80 3492 1   9999   9999   9999   9999   9999
56187   103.86    30.75  548 1    153      1      0    118      1
56247    99.10    30.00 2590 1   9999   9999   9999   9999   9999
56312    94.33    29.67 2991 1   9999   9999   9999   9999   9999
56492   104.61    28.77  504 1    153      3      1    161      2
56571   102.27    27.90 1592 1   9999   9999   9999   9999   9999
56651   100.22    26.85 2382 1   9999   9999   9999   9999   9999
56691   104.28    26.87 2238 1   9999   9999   9999   9999   9999
56739    98.50    24.98 1697 1   9999   9999   9999   9999   9999
56778   102.65    25.00 1889 1   9999   9999   9999   9999   9999
56964   100.96    22.79 1303 1    158     12      2    199      3
56985   103.33    23.44 1314 1    158     12      3    165      5
57067   111.07    34.08  659 1    153      0      0    238      5
57083   113.66    34.71  112 1    154     -1      2    236      3
57127   107.03    33.07  510 1    153     -3      0     68      5
57131   108.97    34.43  411 1    153     -4      3     94      5
57178   112.49    33.10  181 1    153      0      5    208      5
57245   109.03    32.72  291 1    153     -2      0    328      1
57328   107.51    31.21  345 1    153      0      1    164      4
57447   109.47    30.29  455 1    154     -1      0    199      4
57461   111.37    30.73  258 1    154      2      0    207     13
57494   114.05    30.60   23 1    156      1      0    222      9
57516   106.40    29.60  541 1    152      3      0    205      3
57687   112.78    28.12  120 1    157      8      1    225     12
57749   110.00    27.57  258 1    156      7      0    216     15
57816   106.73    26.58 1224 1    154      8      0    205     14
57957   110.30    25.32  165 1    158     10      0    218     16
57972   112.97    25.73  370 1    158      9      2    240      9
57993   115.02    25.87  138 1    159      6      0    206      4
58027   117.15    34.28   42 1    156      1     19    221      5
58150   120.30    33.75    3 1    156      2     44    301      5
58203   115.83    32.90   32 1    156      1      2    250      6
58238   118.90    31.93   36 1    157      2     27    237      4
58362   121.44    31.39    6 1    158      2     45    275      4
58424   116.97    30.62   63 1    157      4      6    245      5
58457   120.17    30.23   42 1    158      3     10    225      2
58606   115.90    28.58   48 1    158      9     12    221      9
58633   118.90    29.00   83 1    158      4      3    300      8
58665   121.42    28.62    4 1    158      2      0    272      7
58725   117.47    27.33  218 1    159      4      5    320      4
58847   119.23    26.10  112 1    159      9      3    322      6
58968   121.52    25.03    7 1    159     10      1    295      1
59023   108.03    24.70  261 1    157     10      0    212     16
59134   118.07    24.48  140 1    159     10      5    322      4
59211   106.60    23.90  175 1    157     10      1    227     11
59265   111.30    23.48  116 1    159     10      2    194      4
59280   113.08    23.71   79 1    159     10      3    212      6
59293   114.73    23.79   71 1    159      8      1    247      3
59316   116.68    23.38    3 1    160     11      4    158      3
59362   121.62    24.02   16 1    160      7      0    170      1
59431   108.55    22.78  153 1    159     11      1    234      8
59644   109.14    21.46   14 1    159     14      5    159      3
59663   111.98    21.85   91 1    159     14      8    156      3
59758   110.25    20.00   64 1    158     16      6     99      6
59948   109.58    18.23  364 1    158     14      3     89     13
59981   112.33    16.83    5 1    158     14      3     66     13
60390     3.22    36.68   29 1    161      3     28      5      4
60680     5.43    22.80 1364 1    153      9     14    115      7
60715    10.23    36.83    4 1    159      0      6    330     10
70414   174.10    52.72   31 1    149    -14      1    290      5
91212   144.79    13.48   75 1    156     15      0     80     14
91348   158.20     6.95   37 1    153     18      6     70     17
91366   167.73     8.73    8 1    154     18      3     70     14
91376   171.38     7.08    3 1    153     19      5     85     10
91408   134.48     7.33   29 1    153     21      5     75     19
91413   138.07     9.48   14 1    155     18      4    105     13
91610   172.92     1.35    4 1    153     21     19    108      3
96011    95.42     5.52   21 1   9999   9999   9999    100     11
96035    98.87     3.63   25 1   9999   9999   9999     55      3
96073    98.88     1.55    3 1   9999   9999   9999     10      2
96091   104.53     0.92   18 1   9999   9999   9999     20      8
96145   106.25     3.20    3 1   9999   9999   9999     50     12
96147   108.38     3.95    2 1   9999   9999   9999     45     11
96315   114.93     4.93   15 1   9999   9999   9999     45      9
96413   110.33     1.48   27 1   9999   9999   9999     20      8
96441   113.03     3.20    5 1   9999   9999   9999     85      3
96471   116.05     5.93    3 1   9999   9999   9999    125      5
96481   117.88     4.27   20 1   9999   9999   9999     50      5
97014   124.92     1.53   80 1   9999   9999   9999     60     13
97048   123.07     0.52    2 1   9999   9999   9999     55      8
97430   127.37     0.77   23 1   9999   9999   9999     40      8
98223   120.53    18.17    5 1   9999   9999   9999     90      9
98233   121.75    17.63   62 1   9999   9999   9999     80      5
98328   120.60    16.40 1500 1    157     17      5    100      5
98433   121.37    14.57  646 1   9999   9999   9999     45     18
98444   123.72    13.15   17 1   9999   9999   9999     60     17
98618   118.75     9.73   15 1   9999   9999   9999     75     14
98646   123.97    10.32   24 1   9999   9999   9999     70     18
98753   125.65     7.12   18 1   9999   9999   9999     55      6
00000     0.00     0.00    0 1      0      0      0      0      0
