diamond  3 2020年01月03日20点24小时降雨量                    
  20  01  03  20    -1 3 10 25 50 1 0
 39 122.7  37.3 122.5  36.7 120.8  36.2 119.3  35.0 120.4  34.3
 121.1  32.7 122.3  30.9 122.5  30.1 121.5  28.0 119.8  25.0
 116.1  22.6 111.0  21.0 111.0  18.6 109.6  18.1 108.3  18.5
 108.9  19.9 109.3  21.0 106.4  21.6 104.1  22.2 101.6  20.8
  98.7  22.0  97.1  24.1  97.7  27.0  91.7  26.6  85.7  27.7
  78.9  30.6  73.3  37.1  74.1  40.7  87.6  49.8  98.5  43.9
 110.4  44.3 122.0  54.7 135.7  48.3 131.5  42.2 125.2  39.4
 121.3  38.5 121.2  40.3 118.5  38.6 120.8  38.1
 1     566
 57671 112.37  28.85    37    1.3
 57845 109.78  26.17   397    5.4
 57466 111.75  30.46    66    0.1
 57842 109.72  26.88   281    0.8
 57584 113.09  29.38    53    1.3
 57655 110.40  28.47   151    0.6
 57749 110.00  27.57   257    2.3
 57745 109.68  27.45   272    1.8
 57752 110.60  27.92   204    0.8
 57841 109.67  26.57   320    3.3
 57743 109.80  27.87   176    0.6
 57857 110.32  26.37   477    0.5
 58606 115.90  28.58    47    1.1
 57658 110.20  28.00   152    0.7
 57860 111.28  27.00   283    0.3
 57754 109.84  27.21   252    0.9
 58529 117.85  29.28   171    0.3
 57758 110.61  27.03   339    2.6
 57673 112.93  28.73    63    1.6
 57744 109.16  27.37   355    0.9
 57766 111.45  27.18   311    1.0
 57687 112.79  28.11   119    0.2
 57662 111.68  29.12   150    1.8
 57965 111.60  25.53   192    0.1
 57794 114.02  27.63   177    0.0
 58614 116.28  28.40    67    0.0
 57642 109.65  28.68   438    1.3
 58612 116.68  28.68    21    0.4
 59998 112.51   8.53     5    0.1
 57680 113.11  28.86    82    1.6
 57783 113.82  27.88   118    0.0
 57609 105.71  28.56   354    0.6
 58560 120.43  29.05   304    0.1
 56646  99.91  26.54  2191    0.5
 56745  99.95  25.68  1626    0.0
 57699 114.97  28.23    93    0.0
 57969 111.31  25.28   269    0.0
 57554 110.16  29.40   322    0.6
 57866 111.62  26.23   172    0.8
 56034  97.13  33.80  4415    0.1
 57577 112.20  29.41    33    2.6
 58426 118.13  30.30   193    2.6
 57679 113.20  28.21   101    1.2
 58418 116.67  30.13    60    4.3
 58615 117.07  28.68    56    0.1
 57637 108.10  28.25   629    1.4
 57962 111.66  26.03   205    0.5
 57844 109.26  26.51   476    1.8
 57562 111.36  29.58   116    0.6
 58634 118.25  28.68   116    0.1
 57666 112.17  28.51   136    1.0
 57829 107.80  26.20   963    2.8
 56202  93.28  30.67  4488    2.0
 58437 118.15  30.13  1840    6.5
 55655  85.97  28.19  3810    7.0
 58508 115.73  29.35    80    0.0
 56109  93.78  31.48  3940    0.8
 58710 116.05  27.77    78    0.0
 58414 116.32  30.43   105    1.7
 59626 107.95  21.57    56    0.0
 57349 109.87  31.08   606    0.0
 58202 115.57  32.67    31    0.0
 58314 116.32  31.40    86    0.2
 57682 113.57  28.71   106    2.0
 56116  95.60  31.42  3873    0.0
 57867 111.29  26.40   169    2.2
 56836  97.95  24.70   826    0.0
 58429 117.85  30.98    11    0.7
 58424 116.97  30.62    62    1.7
 58334 118.42  31.38    10    1.8
 58338 118.60  31.12    40    1.7
 57762 111.68  27.71   249    0.8
 56746  99.53  25.45  1616    0.5
 56742  99.37  25.89  1723    0.3
 57846 110.15  26.58   310    1.4
 58524 117.22  29.37    87    0.2
 57575 112.60  29.54    49    4.0
 57574 112.43  29.35    40    2.1
 57669 111.22  28.38   128    0.1
 58546 119.88  29.47   115    0.9
 57643 109.84  29.01   268    0.1
 57876 112.83  26.43   135    0.0
 56643  98.85  25.87   949    0.6
 57761 111.30  27.75   211    0.2
 57566 111.67  29.47    89    0.5
 58316 116.92  31.47    23    1.2
 58416 116.82  30.75    35    1.9
 57271 112.38  32.52    87    0.0
 57558 110.42  29.12   218    0.1
 57585 113.45  29.48    60    1.3
 57348 109.48  31.03   299    0.0
 56649  99.96  26.11  2059    0.0
 58503 115.67  29.70    41    1.8
 56497 104.24  28.11   448    0.4
 58319 116.95  31.07    85    0.1
 57865 111.62  26.50   192    0.7
 56641  98.87  26.90  1189    7.6
 56595 104.87  27.41  1645    0.1
 58548 119.48  29.22    50    0.0
 57853 110.63  26.73   341    0.2
 56739  98.51  24.98  1695    0.0
 57882 113.55  26.79   136    0.0
 57868 111.86  26.59   113    0.1
 58331 118.37  31.73    22    0.6
 56596 105.05  27.85  1217    0.6
 57736 108.85  27.72   493    2.2
 57760 111.43  27.70   249    0.5
 57646 109.97  28.62   302    1.1
 57640 109.46  28.58   341    0.6
 58301 115.39  31.82    92    0.1
 56543  99.75  27.85  3341    0.2
 56751 100.18  25.71  1977    0.0
 58345 119.50  31.43     5    1.5
 57789 113.95  27.13   194    0.0
 58427 117.50  30.65    15    1.3
 56645  99.41  26.44  2344    0.0
 58409 115.93  30.10    32    1.4
 56281 103.49  30.20   578    0.0
 57971 112.20  25.92   224    0.0
 57710 106.40  27.80   890    2.3
 58693 115.83  28.72    40    0.4
 56228  96.84  30.05  3454    0.1
 57661 111.48  28.91    48    1.7
 58563 121.83  29.88     5    2.0
 57649 109.68  28.24   254    1.3
 57495 114.88  30.67    28    2.0
 58531 118.28  29.72   142    1.6
 57824 107.25  26.59  1056    0.2
 57780 113.17  27.87    74    0.0
 57767 111.01  27.13   308    1.0
 58714 116.23  27.55   120    0.2
 57565 111.73  29.67    38    0.6
 56548  99.29  27.18  2326    2.4
 57657 110.21  28.23   186    0.5
 58323 117.46  31.86    18    0.1
 58421 117.86  30.61    77    1.8
 57663 111.96  28.92    31    3.0
 57509 106.92  28.99   599    0.4
 57674 112.38  28.57    46    0.4
 56748  99.18  25.12  1652    0.0
 57338 108.42  31.18   216    0.1
 57409 105.78  30.22   331    0.0
 58534 118.18  29.79   170    3.2
 58607 115.97  28.57    31    0.3
 57469 111.77  30.18    69    0.5
 58415 116.55  30.67    64    0.7
 57772 112.51  27.75    86    0.1
 59480 113.24  22.85    21    0.3
 57741 109.17  27.71   353    0.5
 58330 118.08  31.75    26    0.2
 58523 117.93  29.93   227    2.6
 56533  98.67  27.75  1583    1.4
 57525 107.75  29.32   406    0.1
 57763 112.00  27.69   205    0.5
 56444  98.91  28.49  3319    0.3
 58317 116.37  30.87   434    0.7
 57851 110.83  26.46   346    0.1
 57740 109.60  27.95   349    0.8
 57544 109.44  29.46   488    0.1
 58623 117.90  28.47   121    0.0
 57388 113.69  31.26    53    1.1
 59951 110.33  18.80    39    0.0
 57678 112.56  28.25    74    0.7
 58407 115.03  30.23    32    3.6
 58506 115.98  29.57  1164    1.8
 58342 119.54  31.71     5    1.2
 58433 118.75  30.93    31    2.7
 58436 118.98  30.62    87    3.1
 58404 115.22  30.47    61    3.2
 57477 112.22  30.07    38    1.5
 57339 108.68  30.95   297    0.2
 57523 107.76  29.90   393    0.0
 58377 121.11  31.51     5    2.3
 58254 120.41  32.55     6    1.4
 56146 100.00  31.62  3393    0.4
 58443 119.89  31.02    25    1.6
 57955 110.67  25.62   224    2.1
 57713 106.88  27.70   843    1.2
 58432 118.40  30.68    57    4.8
 58519 116.67  29.00    40    0.3
 58419 117.00  30.23   115    4.6
 58244 119.59  32.45     5    0.1
 58520 117.69  29.87   191    4.1
 58252 119.50  32.15    18    0.4
 58343 119.98  31.87     4    0.2
 58336 118.57  31.70    80    1.3
 58249 120.05  32.16     6    0.4
 58359 120.62  31.13     4    2.3
 57333 108.67  31.95   798    0.1
 58335 118.57  31.55    60    0.8
 58327 117.28  31.27    45    0.1
 57395 114.17  31.59   120    0.4
 58329 117.87  31.33     9    0.3
 58351 120.30  31.90     4    0.6
 58352 120.77  31.65     4    1.9
 58321 117.06  31.96    49    0.1
 57498 114.94  30.52    26    2.3
 58600 115.37  28.85    78    0.7
 58514 116.03  29.45    37    0.7
 57635 109.02  28.37   548    0.3
 58635 118.20  28.45   150    0.0
 58311 116.50  31.73    74    0.4
 57494 114.05  30.60    23    1.6
 58360 121.20  31.92     3    0.8
 58530 118.43  29.87   168    1.6
 58246 119.99  32.56     2    0.5
 58502 116.02  29.67    74    0.7
 58320 117.03  31.61    28    0.1
 58472 122.45  30.73    79    5.2
 58234 118.42  32.46    40    0.0
 58639 118.02  28.85   237    0.1
 51346  84.67  44.43   478    0.0
 59632 108.60  21.98    49    0.0
 57722 107.51  27.78   807    0.9
 58509 115.82  29.05    36    0.1
 58601 115.35  28.72    80    0.9
 58326 117.83  31.58    30    0.6
 58602 115.55  28.85    40    0.6
 58247 119.80  32.27     3    0.7
 57625 107.46  28.54   816    1.4
 58448 119.70  30.22   117    2.7
 58245 119.42  32.41     9    0.2
 58501 115.63  29.92    23    3.3
 58622 117.58  28.95    88    0.1
 57633 108.77  28.82   826    0.8
 58243 119.82  32.95     3    0.2
 58620 117.10  29.02    51    0.2
 57947 109.40  25.23   161    2.0
 58428 117.50  30.22   118    4.2
 58507 115.12  29.25   116    1.1
 58442 119.18  31.17    16    2.5
 59041 109.25  24.65   218    0.0
 58265 121.54  32.10     3    1.7
 58236 118.25  32.35    33    0.0
 58349 120.56  31.41     8    1.9
 58306 115.88  31.68    95    0.4
 58358 120.43  31.08    16    2.7
 57537 108.17  29.30   322    0.8
 56272 103.88  30.82   558    0.0
 57714 106.23  27.47   942    0.4
 57519 107.12  29.17   698    0.1
 57942 110.00  25.80   268    0.1
 57954 110.15  25.23   222    0.8
 58356 121.00  31.40     3    2.1
 58435 118.53  30.30   220    0.9
 58339 118.90  31.33    16    2.2
 55279  90.02  31.38  4700    0.3
 58420 117.23  30.72    58    1.0
 58423 117.78  30.48   647    2.2
 57735 108.82  27.18   423    0.5
 58147 119.01  32.97    12    0.0
 57957 110.30  25.32   164    0.2
 57958 110.32  25.08   151    1.1
 58417 116.12  30.17   109    1.0
 58605 115.38  28.42    46    0.2
 58505 115.90  29.62    63    1.2
 58241 119.49  32.76     6    0.5
 58441 119.42  30.87    43    1.4
 58238 118.90  31.93    35    0.4
 58235 118.85  32.37    10    0.0
 58337 118.22  31.06    60    1.2
 56288 103.92  30.58   494    0.3
 58237 118.59  32.07    46    0.1
 57493 114.33  30.35    73    2.2
 53945 109.07  35.43  1395    0.0
 57732 108.40  28.01   521    0.2
 58401 115.40  30.75   123    2.1
 57837 108.07  26.40   839    1.1
 58112 116.45  30.73   968    3.7
 57298 114.55  32.22    55    0.1
 57437 108.02  30.30   325    0.2
 57634 107.89  28.52   660    1.3
 57536 108.77  29.52   786    0.6
 57378 112.63  31.20   108    1.0
 57800 105.37  26.77  1457    0.4
 58431 118.32  30.90    39    2.3
 58250 120.16  32.51     6    0.7
 58438 118.58  30.08   191    3.5
 58230 118.28  32.12    26    0.0
 58543 119.02  29.62   171    0.9
 58517 116.18  29.25    77    0.8
 59031 108.27  24.82   342    1.5
 57832 108.67  26.97   626    0.6
 58616 116.82  28.20    47    0.0
 58340 119.06  31.60    30    1.3
 57742 109.21  27.52   884    2.3
 57927 107.18  24.97   287    0.4
 58255 120.61  32.38     8    1.5
 58259 120.98  32.08     4    0.6
 58257 120.30  31.98     9    1.1
 58269 121.65  31.78     3    1.2
 51232  82.55  45.18   369    0.0
 57623 107.60  28.88   685    1.1
 57738 108.42  27.05   516    0.3
 59059 110.80  24.18   105    0.0
 56125  96.47  32.20  3643    1.7
 57786 113.85  27.63   117    0.0
 58730 118.03  27.77   222    0.0
 58725 117.47  27.33   218    0.0
 58724 117.32  27.53   268    0.0
 57598 114.58  29.03   146    0.6
 59640 109.18  21.67     5    0.0
 57960 111.07  25.93   195    1.8
 57728 107.46  27.04  1129    0.9
 59849 109.84  19.04   300    0.4
 51238  82.07  44.90   532    0.0
 57731 108.25  27.93   574    1.5
 58444 120.28  30.42   101    3.5
 57840 109.20  26.90   401    1.1
 55299  92.07  31.48  4507    0.6
 58510 116.22  29.68    35    0.3
 56389 103.95  29.20   387    0.2
 51334  82.82  44.57   329    0.0
 57499 114.88  30.07    40    3.4
 58353 120.57  31.86    11    0.6
 57923 107.87  25.98   452    1.3
 57806 105.90  26.25  1431    0.0
 58544 119.27  29.48    88    0.4
 59631 108.35  21.78    32    0.4
 57614 106.22  28.33  1180    0.1
 58408 115.47  30.24    71    3.7
 57913 106.98  26.45  1093    0.4
 57922 107.54  25.83  1013    1.2
 57486 113.85  30.65    25    1.4
 57936 108.91  25.76   258    0.4
 57381 113.34  31.62   106    0.0
 56394 104.43  29.45   384    0.0
 57489 114.01  30.52    23    2.9
 58644 119.28  28.60   237    0.0
 57573 112.90  29.88    26    3.5
 57712 106.95  27.73   983    1.5
 57438 108.13  29.98   632    0.4
 58704 115.35  27.58   104    0.0
 58512 116.53  29.88    99    1.5
 57647 109.19  28.16   406    0.7
 50526 120.70  49.28   668    0.0
 58402 115.67  30.73   123    1.2
 59061 111.27  24.82   193    0.0
 57708 105.60  27.13  1721    0.7
 57859 110.63  26.03   408    2.1
 56280 103.12  30.08   691    0.1
 57720 107.18  27.96   889    0.6
 58346 119.81  31.34    16    2.7
 57932 108.52  25.93   285    0.0
 57719 106.91  27.09  1294    0.2
 51367  86.85  44.17   575    0.0
 57399 114.95  31.13    74    1.6
 57834 108.30  26.68   641    0.4
 56079 102.97  33.58  3441    0.4
 56498 104.50  28.15   549    0.4
 58553 120.82  30.05     6    2.3
 57816 106.73  26.58  1223    0.0
 57377 112.21  30.99   191    0.1
 58446 119.70  30.63    72    4.5
 59023 108.03  24.70   260    0.4
 59419 106.73  22.07   348    0.0
 57805 105.77  26.68  1319    0.0
 58555 120.88  29.52   115    1.5
 57696 114.77  28.38    91    0.9
 58542 119.68  29.82    46    2.1
 56307  92.58  29.15  3260    0.0
 51330  81.02  44.97  1357    0.0
 58453 120.50  30.07     7    2.7
 57825 107.98  26.60   720    0.9
 58451 120.93  30.83     2    2.0
 59448 109.55  22.27    69    0.0
 57921 107.34  25.85   821    0.2
 57835 108.43  26.73   527    0.6
 57734 108.23  27.57   467    1.3
 58450 120.05  30.87     7    2.6
 56227  95.77  29.87  2736    0.4
 58268 121.08  32.10     4    1.0
 58654 120.08  28.67   184    0.0
 59227 107.13  23.12   454    0.1
 57729 107.88  27.23   622    1.0
 57821 107.50  26.70   925    1.0
 58631 118.50  28.90   137    0.2
 57949 110.00  24.98   156    0.0
 57389 113.75  31.03    32    1.0
 58556 120.82  29.60   104    4.1
 57803 106.02  27.02  1322    0.3
 57809 105.75  26.07  1251    0.0
 57694 114.37  28.53   259    0.4
 57964 111.15  25.48   263    0.1
 58665 121.42  28.62     4    0.1
 57386 114.00  31.25    51    0.0
 58568 121.38  29.12    34    0.1
 59022 107.55  24.98   749    1.6
 57492 114.84  30.84    40    0.7
 57718 106.72  27.10  1112    1.1
 57293 114.98  32.74    38    0.0
 58647 119.13  28.08   222    0.0
 57359 110.73  31.35   336    0.1
 57698 114.43  28.10   122    0.1
 51542  84.15  43.03  2458    0.5
 57439 108.93  30.28  1074    0.0
 57717 106.83  27.53   974    1.2
 57739 108.92  27.24   394    0.8
 58477 122.10  30.03    35    1.6
 58652 120.72  28.87    83    0.2
 58354 120.35  31.62     3    2.2
 58341 119.59  31.98     6    0.1
 58264 121.22  32.34     5    2.4
 59034 108.65  24.48   185    0.0
 57636 108.50  28.56   503    0.9
 58643 120.03  28.90   102    0.6
 57737 108.12  27.03   547    0.6
 56279 102.94  30.16   744    0.5
 57941 109.60  25.78   197    1.8
 57595 114.46  29.61    99    1.0
 58484 122.20  30.25    37    1.6
 57912 106.63  26.13   990    0.0
 57723 107.72  27.98   710    0.9
 56187 103.86  30.75   547    0.0
 59635 108.39  21.67    49    0.0
 58604 115.83  29.22    11    0.6
 59033 108.87  24.78   363    0.9
 53601 105.90  38.77  2908    0.1
 57398 114.62  31.28    74    0.3
 57828 107.58  26.50   983    1.1
 57926 107.88  25.42   428    0.0
 57827 107.53  26.32   969    0.9
 56151 100.75  32.93  3530    0.9
 58251 120.28  32.85     3    0.7
 58457 120.17  30.23    41    3.2
 57273 112.80  32.73    96    0.1
 58208 115.62  32.17    42    0.0
 57485 113.48  30.30    24    2.5
 58715 116.65  27.58    80    0.0
 57582 113.87  29.72    46    3.6
 58550 120.25  29.70    39    4.4
 57387 113.13  31.00    84    1.3
 58344 119.20  31.96    36    0.3
 57296 114.66  32.34    34    0.0
 59045 109.78  24.50   131    0.0
 56490 103.90  28.95   424    3.4
 57948 109.25  25.12   238    1.2
 56382 103.55  29.75   475    0.0
 57956 110.34  25.43   191    0.3
 58452 120.77  30.73     4    2.4
 57608 105.43  28.17   377    0.2
 57707 105.29  27.30  1510    0.1
 57571 112.41  29.66    37    2.5
 58549 119.65  29.12    62    0.0
 56317  94.22  29.22  2950    0.3
 58570 122.30  29.95    85    1.6
 57822 107.90  26.90   825    1.3
 56496 105.26  28.33   367    0.3
 56285 103.47  30.56   544    0.6
 56373 102.84  29.79   797    0.0
 58205 115.42  32.47    34    0.0
 55437  81.25  30.28  3900    8.7
 57543 110.03  29.88   539    1.1
 57358 110.97  30.83   295    0.0
 56391 103.82  30.08   415    0.0
 53192 115.00  44.02  1147    0.0
 58366 121.49  31.67     4    1.0
 57476 112.15  30.35    31    0.2
 57297 114.04  32.14   114    0.0
 58537 118.40  29.13   153    0.2
 58632 118.60  28.72   126    0.2
 57281 113.30  32.68   160    0.1
 58207 115.05  32.16    42    0.1
 56380 103.36  29.88   571    0.4
 57482 113.95  30.90    25    1.5
 57581 113.44  29.81    24    2.9
 57545 109.42  29.53   502    0.4
 58557 120.08  29.33    90    1.1
 57586 114.04  29.54    78    0.5
 57603 105.83  28.82   283    0.0
 57237 108.03  32.07   674    0.1
 57484 112.55  30.74    57    1.5
 58567 121.43  29.32    39    0.4
 59087 113.52  23.88    97    0.1
 57496 114.62  30.25    35    3.8
 58646 119.93  28.47    59    0.0
 58449 119.95  30.05    46    5.1
 57329 107.85  31.10   467    0.0
 56173 102.55  32.80  3491    0.0
 56181 103.70  30.68   541    0.1
 51243  84.86  45.63   450    0.0
 58562 121.50  29.80     6    1.2
 56312  94.33  29.67  2991    0.0
 58459 120.28  30.18    96    3.1
 57458 111.07  30.15   243    1.2
 55248  84.42  32.15  4414    0.0
 58633 118.90  29.00    82    0.2
 57483 113.13  30.67    31    2.7
 57590 114.37  29.85    98    4.0
 58547 119.19  29.04    66    0.0
 55773  89.08  27.73  4300    0.0
 58642 119.80  28.88   105    0.1
 56386 103.76  29.56   424    0.0
 57453 111.42  30.76   188    0.0
 57355 110.35  31.05   337    0.0
 57839 109.13  26.23   568    1.8
 56383 103.87  29.83   455    0.2
 57370 112.22  31.73    67    0.1
 56480 103.53  28.82   564    1.0
 56494 104.33  28.84   386    0.0
 55696  92.47  28.42  3860    1.4
 58467 121.30  30.20     5    1.5
 56074 102.08  34.00  3471    0.0
 58558 120.22  29.27    89    1.5
 56106  93.78  31.88  4022    0.3
 58468 121.13  30.02    38    2.1
 57540 109.14  29.68   776    0.4
 58454 119.98  30.53   102    1.7
 56164 100.96  32.27  3292    0.0
 58463 121.50  30.88     4    3.7
 57396 114.87  31.64   128    0.1
 56273 102.82  30.39  1022    0.0
 57464 111.18  30.47   177    0.2
 57390 114.07  31.80   733    0.0
 54526 117.34  39.08     1    2.7
 55294  91.10  32.35  4800    1.3
 57385 113.86  31.63   116    0.4
 56152 100.33  32.28  3893    0.5
 57299 114.89  32.01    49    0.2
 56387 103.26  29.23   642    0.0
 56499 104.78  28.38   368    3.9
 56171 101.70  32.90  3275    0.2
 58456 120.52  30.63     6    2.0
 57481 113.58  30.96    30    1.6
 52818  94.91  36.42  2807    0.1
 58461 121.12  31.13     4    2.0
 58566 121.92  29.38     4    1.5
 57465 111.43  30.36   120    0.2
 57445 109.72  30.60   609    0.4
 56038  98.10  32.98  4200    2.3
 58369 121.78  31.05     5    3.9
 58561 121.60  29.98     4    2.1
 58367 121.43  31.20     4    3.1
 57491 114.40  30.87    31    0.9
 58455 120.48  30.47     5    2.8
 58361 121.37  31.10     5    1.9
 56381 103.49  30.07   630    0.0
 50727 119.93  47.17   997    0.3
 57363 111.83  31.80   151    0.0
 57541 109.48  30.00   571    0.8
 58458 120.90  30.53     4    2.2
 58565 121.38  29.70    41    1.0
 58569 121.95  29.20   128    0.2
 56592 104.50  28.44   378    0.5
 58474 122.05  30.63    54    3.8
 58362 121.44  31.39     5    2.5
 59310 116.17  23.77    45    0.0
 58645 119.48  28.43   152    0.0
 56278 102.78  30.07   818    0.3
 58500 115.22  29.90    57    3.1
 58462 121.18  31.02     8    2.9
 58370 121.53  31.23     4    3.4
 56284 103.44  30.44   518    0.1
 57447 109.47  30.29   454    1.1
 57596 114.21  29.63   751    1.2
 58460 121.27  30.82     5    2.0
 58365 121.20  31.38     6    1.4
 58464 121.12  30.65     4    2.8
 57460 111.78  30.82    91    0.0
 58527 117.20  29.30    61    0.0
 57475 112.90  30.40    31    2.0
 57589 113.88  29.27   146    2.2
 57583 113.97  29.92    61    4.2
 55690  91.95  27.98  4280    2.3
 55597  91.68  29.03  3740    0.0
 56434  97.47  28.67  2366    0.2
