diamond  3 2020年07月01日08点24小时降雨量                    
  20  07  01  08   -1 3 10 25 50 1 0
 39 122.7  37.3 122.5  36.7 120.8  36.2 119.3  35.0 120.4  34.3
 121.1  32.7 122.3  30.9 122.5  30.1 121.5  28.0 119.8  25.0
 116.1  22.6 111.0  21.0 111.0  18.6 109.6  18.1 108.3  18.5
 108.9  19.9 109.3  21.0 106.4  21.6 104.1  22.2 101.6  20.8
  98.7  22.0  97.1  24.1  97.7  27.0  91.7  26.6  85.7  27.7
  78.9  30.6  73.3  37.1  74.1  40.7  87.6  49.8  98.5  43.9
 110.4  44.3 122.0  54.7 135.7  48.3 131.5  42.2 125.2  39.4
 121.3  38.5 121.2  40.3 118.5  38.6 120.8  38.1
 1     981
 54192 130.27  43.71   384   0.01
 56373 102.84  29.79   797    0.8
 56376 102.64  29.34  1098    1.1
 58555 120.88  29.52   115    0.4
 56378 102.35  29.23   890    1.0
 58557 120.08  29.33    90    0.2
 58558 120.22  29.27    89    0.1
 58559 120.97  29.15   107   10.9
 56380 103.36  29.88   571    0.5
 56381 103.49  30.07   630    2.7
 58560 120.43  29.05   304   20.5
 56382 103.55  29.75   475    1.2
 56383 103.87  29.83   455   29.6
 56384 103.59  29.59   423    2.9
 56385 103.34  29.52  3069   18.6
 56386 103.76  29.56   424    4.0
 56387 103.26  29.23   642    0.1
 58565 121.38  29.70    41   0.01
 56388 103.82  29.41   421    4.1
 58566 121.92  29.38     4    9.4
 58567 121.43  29.32    39    7.9
 56389 103.95  29.20   387   17.4
 58568 121.38  29.12    34   10.7
 58569 121.95  29.20   128    4.5
 59417 106.85  22.33   128    1.6
 50603 116.81  48.68   542    1.9
 56390 104.07  29.67   404    4.2
 56391 103.82  30.08   415    3.2
 56393 104.85  29.77   369   25.3
 56394 104.43  29.45   384    6.7
 56395 104.67  29.52   351   36.7
 56396 104.77  29.35   352   13.1
 56399 104.98  29.18   306   75.5
 59429 108.02  22.18   216    0.1
 58108 115.37  33.33    38   0.01
 57260 111.51  32.55   133   45.7
 57265 111.73  32.43   132   63.5
 58113 116.70  33.95    32    5.2
 58114 116.18  33.48    31   0.01
 57268 111.62  32.27   120    5.4
 58116 116.87  34.03    32    0.5
 58117 116.20  33.05    27    0.3
 58118 116.52  33.27    26    2.2
 57273 112.80  32.73    96   10.2
 57274 111.98  32.70   120    5.1
 58122 117.08  33.64    25    2.3
 58125 117.52  33.58    22    2.1
 57278 112.08  32.00   163   30.8
 57279 112.76  32.14   125    1.5
 58127 117.07  32.98    24    1.3
 58128 117.35  33.33    21    1.2
 58129 117.83  33.15    14    2.3
 50645 124.48  48.48   198    1.7
 50646 124.88  48.50   230    4.5
 52825  96.43  36.44  2790    1.5
 58130 117.96  33.94    23    0.1
 58131 118.22  33.97    25    0.5
 58132 118.68  33.72    14   18.4
 58135 118.22  33.48    16    8.1
 58138 118.51  32.95    43    1.6
 52833  98.49  36.93  2950    2.8
 50656 126.51  48.26   278   0.01
 52836  98.10  36.30  3189    2.6
 50659 126.24  48.05   297    0.2
 58140 119.30  33.77     9   23.8
 58141 118.93  33.64    12   27.8
 58143 119.85  33.80     4    1.3
 58145 119.15  33.50     7    3.5
 58146 119.77  33.47     3   13.1
 58147 119.01  32.97    12    0.7
 58148 119.34  33.27     3    1.2
 52842  99.07  36.79  3087    3.1
 58150 120.30  33.75     1    0.5
 58154 120.10  33.32     4    0.6
 59001 105.33  24.78   672   20.5
 59485 113.40  22.50    33   0.01
 59004 105.08  24.50   827  106.6
 58158 120.46  33.17     3    0.1
 59007 105.05  24.05  1249   28.1
 52853 100.98  36.90  3010    8.7
 52855 101.25  36.68  2675   11.4
 52856 100.62  36.27  2835   24.4
 53707 105.25  36.94  1697    1.0
 59012 106.55  24.78   972   20.6
 59015 106.53  24.38   544    9.7
 59017 106.27  24.27   278   38.5
 52862 101.66  36.97  2470    9.3
 52863 101.95  36.82  2480   11.4
 52866 101.73  36.66  2434    7.7
 52868 101.37  36.02  2273    9.5
 52869 101.58  36.50  2667   11.7
 59021 107.03  24.55   509   18.7
 59023 108.03  24.70   260    4.0
 59027 107.25  24.13   254   18.9
 52874 102.41  36.49  2021    8.8
 52875 102.10  36.50  2125    8.0
 52876 102.84  36.33  1813    4.0
 52877 102.26  36.10  2834   12.2
 52881 103.19  36.99  2484    3.7
 52884 103.95  36.35  1668    4.6
 52885 103.26  36.75  2118   0.01
 52889 103.88  36.04  1517    2.3
 52895 104.69  36.57  1398    1.3
 52896 104.14  36.55  1736    4.7
 59055 110.40  24.50   165    0.2
 59058 110.52  24.20   181    9.6
 51572  89.25  42.83   -48   0.01
 54604 115.29  38.40    31   0.01
 54607 115.11  38.70    47    1.0
 54613 116.62  38.70     6   0.01
 52436  97.03  40.27  1526    0.1
 59074 112.07  24.57   300   0.01
 53774 112.37  37.58   759    1.1
 53776 112.78  37.70   854    0.4
 53777 112.15  37.52   753    0.1
 52446  99.52  40.31  1177   0.01
 54628 117.41  38.08     5   0.01
 53780 113.15  37.91  1066    1.3
 54631 115.15  37.07    32   0.01
 53784 114.78  37.75    38   0.01
 53786 113.33  37.08  1152    2.3
 53787 112.98  37.07  1041    0.1
 53788 113.57  37.33  1265    1.2
 53789 114.63  37.88    52   0.01
 59097 114.21  24.04   269   0.01
 53795 114.41  37.66   159    0.1
 56835  97.78  24.17   990    3.3
 56836  97.95  24.70   826   13.1
 54662 121.64  38.91    91   0.01
 56840  98.26  24.80  1124    0.2
 56841  98.69  24.62  1630    0.2
 56844  98.57  24.43   913    2.9
 56849  99.23  24.03  1606    0.2
 53343 109.97  41.77  1612    0.1
 53348 109.13  41.02  1078    1.8
 57707 105.29  27.30  1510    2.7
 57708 105.60  27.13  1721    0.2
 53352 110.43  41.70  1376    0.6
 57710 106.40  27.80   890   17.2
 56863 102.50  24.92  1893   32.3
 57712 106.95  27.73   983   13.6
 57713 106.88  27.70   843   22.2
 54204 115.03  42.28  1366    0.2
 53357 110.10  41.03  1403    0.1
 57714 106.23  27.47   942   14.6
 54205 116.00  42.23  1315    2.4
 57717 106.83  27.53   974   33.3
 57718 106.72  27.10  1112   22.6
 57719 106.91  27.09  1298   42.6
 56871 102.57  24.68  1979    3.9
 56872 102.62  24.96  2358   42.1
 57720 107.18  27.96   889   16.7
 56873 102.92  24.68  1796   37.6
 51186  90.38  46.67  1218    4.5
 54213 119.02  42.93   634    2.2
 57722 107.51  27.78   807   10.6
 54214 118.42  42.58   960   50.3
 56876 102.76  24.29  1731    0.4
 57723 107.72  27.98   710    2.5
 53367 111.23  41.32  1602    0.1
 56878 102.75  24.13  1801    0.5
 56879 102.91  24.19  1702    1.1
 54218 118.83  42.31   668   14.7
 57728 107.46  27.04  1128   18.7
 57729 107.88  27.23   622    4.8
 56880 103.14  24.89  1639    0.1
 56881 103.26  24.75  1695   15.7
 56882 102.83  24.91  1976   43.7
 56883 103.98  24.82  1900   14.8
 57732 108.40  28.01   521    0.8
 56885 103.45  24.40  1415    1.9
 56886 103.77  24.53  1704   48.9
 53378 112.62  41.28  1737    2.6
 57734 108.23  27.57   467    0.2
 57735 108.82  27.18   423   18.7
 57736 108.85  27.72   493    1.1
 56889 104.18  24.04  1518    0.2
 57737 108.12  27.03   547    9.9
 57738 108.42  27.05   516    0.7
 57739 108.92  27.24   394    3.1
 56891 104.32  24.88  1482   23.8
 53384 113.18  41.45  1423    4.5
 57740 109.60  27.95   349   25.4
 53385 113.54  41.60  1420    5.0
 57742 109.21  27.52   884    9.0
 57743 109.80  27.87   176    0.1
 57744 109.16  27.37   355    1.8
 57745 109.68  27.45   272   52.7
 55569  87.60  29.08  4000    1.6
 57749 110.00  27.57   257    3.4
 53391 114.00  41.90  1482    0.9
 53392 114.56  41.86  1434    4.1
 55572  89.10  29.68  4000    3.3
 57752 110.60  27.92   204    0.1
 58600 115.37  28.85    78   17.1
 53397 113.98  41.10  1376   0.01
 58601 115.35  28.72    80   13.5
 58602 115.55  28.85    40    6.6
 55578  88.88  29.25  3836    8.5
 58605 115.38  28.42    46   35.6
 58606 115.90  28.58    47   37.7
 58607 115.97  28.57    31   27.5
 58608 115.55  27.98    66   31.5
 58609 115.82  28.23    27   71.9
 57760 111.43  27.70   249    4.8
 57761 111.30  27.75   211   23.4
 57762 111.68  27.71   249   99.5
 59940 109.16  18.75   155    1.4
 55585  90.17  29.45  3807    4.0
 57763 112.00  27.69   205   79.1
 59941 109.52  18.77   328   23.9
 58612 116.68  28.68    21    3.9
 57766 111.45  27.18   311    0.8
 59945 109.70  18.65    68   18.9
 55589  90.97  29.30  3564    6.5
 58614 116.28  28.40    67   22.4
 58615 117.07  28.68    56   26.2
 57768 111.45  27.34   294    1.1
 58616 116.82  28.20    47   97.8
 57769 111.74  27.24   252    6.4
 59948 109.59  18.22   419    0.7
 58618 116.60  28.27    82   50.1
 58619 116.27  27.90    73   17.9
 55591  91.13  29.67  3648    6.5
 54261 125.47  42.67   345    1.3
 57771 112.53  27.93    88   16.6
 55593  91.73  29.85  3804   19.8
 57772 112.51  27.75    86  102.2
 54263 126.08  42.96   351    0.9
 59951 110.33  18.80    39   12.7
 58620 117.10  29.02    51    0.2
 57773 112.83  27.88    63   27.3
 57774 112.17  27.45   100   20.8
 56443  99.80  28.93  2842    1.6
 58622 117.58  28.95    88    1.0
 55597  91.68  29.03  3740    7.2
 58623 117.90  28.47   121   23.5
 59954 110.03  18.55    35   22.8
 55598  91.77  29.27  3560   19.1
 57776 112.69  27.30  1265    9.7
 57777 112.84  27.26   159    6.3
 58624 117.45  28.38    70   59.5
 57778 112.95  27.09    70    9.1
 58625 117.60  28.42    79   20.2
 58626 117.23  28.32    60   50.0
 57779 113.35  27.06   115   12.5
 56449  99.73  28.02  3554    6.5
 58627 117.05  28.32    55   54.8
 58629 117.70  28.28   100   32.3
 57780 113.17  27.87    74   53.3
 57781 113.51  27.64    74   29.8
 57783 113.82  27.88   118   35.1
 58631 118.50  28.90   137   16.0
 58632 118.60  28.72   126   24.0
 58633 118.90  29.00    82   86.5
 57786 113.85  27.63   117    8.6
 57303 105.92  31.73   459    5.2
 58634 118.25  28.68   116   48.7
 58635 118.20  28.45   150   28.5
 57304 105.17  31.67   516   25.2
 57789 113.95  27.13   194    0.2
 58637 117.98  28.45   118   28.6
 57306 105.98  31.58   382    0.6
 56459 101.28  27.93  2426    1.7
 57307 105.08  31.10   459    1.1
 58639 118.02  28.85   237    2.7
 57308 105.38  31.22   421    2.0
 57309 105.88  30.98   378   10.9
 57792 114.68  27.82    93    5.3
 57793 114.37  27.78   131   28.6
 56462 101.50  29.00  2925    0.9
 57794 114.02  27.63   177    4.5
 58642 119.80  28.88   105   60.7
 57796 114.88  27.83   189    3.5
 58643 120.03  28.90   102   35.9
 58644 119.28  28.60   237   48.7
 57314 106.07  31.34   405    1.4
 58645 119.48  28.43   152   69.9
 57798 114.60  27.38    85    2.3
 58646 119.93  28.47    59   25.7
 57799 114.92  27.05    71    2.4
 58647 119.13  28.08   222   65.1
 58648 119.63  28.00   246   35.4
 57317 106.41  31.03   324    0.2
 57318 106.58  31.06   406    1.0
 54291 130.35  42.79    43    0.1
 59981 112.33  16.83     4    8.3
 56473 102.77  28.95  1060    0.5
 57320 107.22  31.93   482    3.7
 56474 102.17  28.55  1774    4.1
 58652 120.72  28.87    83   18.2
 56475 102.52  28.65  1659    4.7
 59985 111.62  16.53     4   22.7
 59501 115.37  22.80    16    6.2
 58654 120.08  28.67   184   41.1
 57324 107.08  31.58   364   13.3
 58656 120.97  28.07    60   19.6
 56478 102.43  28.30  1818   10.8
 56479 102.85  28.00  2132    4.2
 58657 120.28  28.13    57   50.0
 57326 107.72  31.37   389    0.8
 58658 120.68  28.15    34   33.6
 57328 107.51  31.21   344    0.3
 58659 120.65  28.03    28   22.6
 56480 103.53  28.82   564    0.3
 58660 121.18  28.87     6   10.3
 56483 103.95  28.58   496   30.2
 56485 103.58  28.27  1255    0.5
 57333 108.67  31.95   798    0.6
 58664 121.37  28.37    35    4.7
 58665 121.42  28.62     4    1.8
 56004  92.44  34.22  4533    9.0
 58666 121.90  28.45    86    0.7
 56489 103.62  28.24   975    0.2
 58667 121.27  28.08    95   11.2
 57338 108.42  31.18   216    0.4
 56490 103.90  28.95   424   13.4
 56491 104.51  28.69   476   69.8
 56492 104.61  28.77   502   77.7
 56493 104.97  28.85   292   33.7
 56494 104.33  28.84   386    7.5
 56496 105.26  28.33   367    0.6
 56497 104.24  28.11   448   30.3
 56498 104.50  28.15   549   45.7
 56499 104.78  28.38   368   10.6
 56016  95.62  33.85  4179    1.7
 56018  95.28  32.88  4066    4.8
 56021  95.81  34.13  4175    9.2
 58202 115.57  32.67    31    0.3
 58205 115.42  32.47    34    0.2
 56029  96.96  33.00  3716    8.6
 50727 119.93  47.17   997    2.7
 58693 115.83  28.72    40   15.8
 57363 111.83  31.80   151   89.4
 56033  98.22  34.92  4272   0.01
 56034  97.13  33.80  4415    5.7
 58214 116.30  32.37    27   10.7
 56038  98.10  32.98  4200   10.3
 57370 112.22  31.73    67    3.4
 58221 117.30  32.85    26    0.8
 56043 100.23  34.48  3719   12.4
 56045  99.90  33.97  4050    3.6
 58223 117.98  32.80    31    3.0
 58224 117.05  32.61    71    0.9
 58225 117.67  32.53    69    0.2
 58230 118.28  32.12    26   0.01
 58235 118.85  32.37    10   10.5
 58236 118.25  32.35    33   0.01
 57390 114.07  31.80   733    2.4
 58240 119.00  32.74    10    1.4
 58242 119.16  32.30    22   15.7
 57395 114.17  31.59   120    1.4
 58243 119.82  32.95     3    1.1
 57396 114.87  31.64   128   15.2
 56065 101.60  34.73  3500   38.0
 58244 119.59  32.45     5    2.9
 56067 101.48  33.43  3628   15.5
 57398 114.62  31.28    74    1.2
 52943 100.00  35.59  3323    6.7
 56071 102.50  34.59  3190   17.5
 58251 120.28  32.85     3    9.3
 58252 119.50  32.15    18    4.5
 56074 102.08  34.00  3471   19.8
 58254 120.41  32.55     6    1.2
 56079 102.97  33.58  3441    6.8
 52955 100.73  35.58  3120    8.7
 52957 100.60  35.24  3148    7.5
 56080 102.90  34.99  2909   18.3
 56081 103.35  34.70  2810    5.9
 56082 103.50  34.59  2592   11.2
 56084 103.23  34.06  2374   11.0
 58265 121.54  32.10     3    0.8
 58268 121.08  32.10     4    0.1
 59116 116.70  24.34    80    0.9
 59117 116.07  24.28   116    0.5
 52963 102.02  35.93  2085   15.1
 52968 101.47  35.03  3662   20.2
 56093 104.02  34.43  2315    6.1
 56094 104.37  33.78  1329    0.7
 56095 104.38  34.03  1753    2.9
 59122 117.75  24.62    43    0.1
 56097 104.25  33.26  1440    2.7
 59124 117.38  24.52    53   0.01
 52972 102.46  35.85  1921   11.6
 52974 102.03  35.54  2475   17.5
 52978 102.49  35.19  2948   16.3
 59130 118.18  24.77    45    0.5
 52980 103.30  35.97  1648    2.1
 52981 103.38  35.68  2421    8.9
 52982 103.56  35.48  1953   11.0
 52983 104.14  35.87  1874    5.9
 52984 103.18  35.58  1917    9.7
 52985 103.34  35.41  2162   13.5
 52986 103.86  35.36  1893    2.0
 52988 103.72  35.37  2015    3.5
 52993 105.06  35.68  1739    2.1
 52995 104.60  35.58  2004    1.8
 52996 105.01  35.39  2450    6.4
 52515  94.87  39.52  2137    0.1
 54707 115.98  37.35    27    0.2
 54715 116.52  37.32    17    0.1
 54718 116.47  37.15    22    3.5
 52546  99.83  39.37  1332   0.01
 53878 113.37  36.50   780    5.2
 53880 113.23  36.33   947   0.01
 53884 113.03  36.50   877    0.9
 53886 113.67  36.57   470    2.1
 52557 100.16  39.15  1453    0.2
 53889 113.87  36.06   414    2.9
 54738 118.37  37.05    14   0.01
 53893 115.00  36.79    37   0.01
 52101  93.05  43.60  1679    1.4
 54764 121.23  37.48    53    0.1
 54766 121.58  37.43    39   0.01
 56948  99.64  22.64  1245    5.1
 56949  99.60  22.31  1079    5.6
 52112  94.98  43.75   479    0.4
 57800 105.37  26.77  1457   22.4
 54776 122.70  37.40    47   0.01
 56954  99.93  22.57  1054    0.2
 57803 106.02  27.02  1322    9.2
 57805 105.77  26.68  1319   36.0
 57806 105.90  26.25  1431   36.3
 57807 105.46  26.22  1407    9.2
 57808 105.74  26.31  1281   50.5
 57809 105.75  26.07  1251  103.1
 54301 115.65  41.67  1411   13.6
 57811 106.60  26.84  1296   80.9
 54304 115.27  40.95  1239   0.01
 53457 110.03  40.40  1011    0.4
 57813 106.47  26.58  1300   15.9
 57814 106.27  26.42  1298   26.2
 56969 101.58  21.47   633    0.1
 57818 106.44  26.01  1186   27.0
 53463 111.57  40.86  1153    0.1
 53464 111.17  40.72  1042    4.6
 54311 117.77  41.97   892   12.4
 57821 107.50  26.70   924   17.3
 56975 102.43  23.37   974    1.0
 54313 118.70  41.93   733   20.6
 53466 111.70  40.75  1045    2.6
 57822 107.90  26.90   825   22.4
 56977 101.86  22.61  1269   15.2
 57824 107.25  26.59  1056   14.6
 57825 107.98  26.60   720    5.7
 56978 102.42  23.00  1642    5.1
 54316 118.75  41.52   679    9.9
 54318 117.73  41.34   599   0.01
 57827 107.51  26.32   967    0.1
 57828 107.58  26.50   983    0.2
 54319 118.67  41.01   546    2.2
 53472 112.57  40.87  1451   15.6
 56982 103.29  23.72  1195    0.6
 54320 119.30  41.60   544    1.4
 53475 112.47  40.52  1268    4.3
 56984 103.15  23.39  1848   0.01
 57832 108.67  26.97   626   64.9
 56986 103.68  22.98  1414    7.0
 54324 120.43  41.55   174   0.01
 56987 103.23  22.78  1260    0.4
 53478 112.47  40.00  1345    3.2
 54326 119.62  41.41   462    0.5
 54327 119.39  41.24   417    1.1
 56989 103.95  22.50   137    3.2
 54328 119.77  41.12   341    0.3
 53480 113.07  41.03  1419    6.5
 53481 113.21  40.81  1284    0.4
 54330 121.34  41.14    45   11.4
 53483 113.83  40.87  1268    0.1
 56992 104.68  23.44  1507    2.5
 54331 121.76  41.60   113   0.01
 54333 122.85  41.96    30   0.01
 56996 104.70  23.13  1093   0.01
 53491 114.38  40.68   837   0.01
 57853 110.63  26.73   341   11.4
 58701 115.40  27.75    46    1.8
 54346 123.78  41.31   185    1.7
 53499 114.73  40.77   755    0.6
 58705 115.42  27.33    85    3.3
 54349 124.13  41.30   258    3.6
 58706 115.83  27.42   181   10.0
 58707 115.13  27.22    66   13.8
 55680  89.60  28.92  4040    2.9
 55681  90.40  28.97  4431    0.1
 54353 125.04  41.72   328   23.9
 58710 116.05  27.77    78   26.9
 56533  98.67  27.75  1583    4.0
 58712 116.78  27.92   130   43.8
 58713 117.07  27.72   225   50.3
 58714 116.23  27.55   120    4.0
 58715 116.65  27.58    80    9.3
 55690  91.95  27.98  4280    0.4
 54362 125.73  41.67   380    2.8
 57871 112.37  26.97    90    0.5
 57872 112.60  26.89   104    1.4
 54365 125.34  41.28   245    0.7
 56543  99.74  27.85  3341    2.0
 57874 112.39  26.41   116    5.5
 57875 112.69  26.75   137    0.5
 57876 112.83  26.43   135   20.0
 58724 117.32  27.53   268    1.1
 58725 117.47  27.33   218    0.5
 57881 113.26  26.71   101    4.4
 57882 113.55  26.79   136   14.6
 58730 118.03  27.77   222   38.9
 58731 118.53  27.92   276   16.2
 57886 113.79  26.48   268    0.3
 57402 105.70  30.77   394    3.8
 54377 126.22  41.15   225    6.8
 58734 118.12  27.33   196    2.3
 57403 105.23  30.59   354    3.4
 58735 118.75  27.52   260    0.1
 58736 118.82  27.38   262    5.7
 57405 105.55  30.50   355   29.7
 58737 118.32  27.05   154    8.5
 57407 105.03  30.28   462   36.2
 57408 105.32  30.11   383    3.2
 57409 105.78  30.22   331    8.5
 57891 114.25  26.93   153    1.1
 57894 114.17  26.58   843    2.7
 57411 106.13  30.75   347    2.4
 57895 114.78  26.47   101   16.0
 58742 119.57  28.10   163   51.2
 57896 114.52  26.33   126    0.3
 56565 101.49  27.44  2516    3.5
 57413 107.00  30.86   305    2.7
 58744 119.50  27.45   845    3.6
 56567 100.86  27.26  2367   15.6
 57414 106.45  30.52   403    2.2
 58745 119.08  27.62   400   10.8
 57899 114.88  26.82   103    5.5
 58746 119.70  27.55   538   10.8
 57415 106.63  30.53   394    2.4
 56569 102.18  27.42  1380    4.4
 57416 106.93  30.33   391    8.3
 58747 119.35  27.15   899    1.6
 57417 106.28  30.35   315    5.4
 58748 119.65  27.10    50   36.0
 58749 119.88  27.23   684   13.6
 56571 102.27  27.90  1590    6.6
 58750 120.08  27.78   105   29.1
 57420 107.19  30.75   418    2.6
 58751 120.57  27.67   254   49.7
 58752 120.65  27.79    37   20.3
 56575 102.55  27.37  1530    2.5
 58754 120.20  27.33    36   25.0
 53068 111.94  43.63   963    3.3
 58755 120.39  27.50   118   44.4
 57425 107.40  30.32   416    3.4
 56578 102.75  27.07   993    2.7
 56580 102.80  27.72  2460   11.8
 56582 103.89  27.75  1176   16.4
 58760 121.15  27.83    68   19.3
 56584 103.25  27.70  1093    9.5
 56585 103.56  27.19  1952   13.7
 56586 103.72  27.35  1949    6.3
 57437 108.02  30.30   325    0.1
 56106  93.78  31.88  4022   12.0
 56109  93.78  31.48  3940    1.3
 53083 114.15  44.62  1181    3.2
 56592 104.50  28.44   378   45.0
 56593 104.95  28.59   418    9.0
 56594 104.07  27.63  1035   18.2
 56595 104.87  27.41  1645   12.8
 56596 105.05  27.85  1217   12.3
 56598 104.69  27.09  1629    7.3
 56116  95.60  31.42  3873    3.1
 59626 107.95  21.57    56    1.5
 56125  96.47  32.20  3643   22.0
 55279  90.02  31.38  4700    2.4
 59640 109.18  21.67     5    2.2
 59644 109.13  21.45    12    0.2
 58314 116.32  31.40    86    0.1
 56137  97.17  31.15  3315    0.4
 58316 116.92  31.47    23    1.0
 55294  91.10  32.35  4800    2.1
 58320 117.03  31.61    28    0.3
 58321 117.06  31.96    49    8.4
 56144  98.58  31.80  3184    7.5
 57476 112.15  30.35    31    0.4
 55299  92.07  31.48  4507    5.0
 56146 100.00  31.62  3393   22.7
 56147  98.83  31.22  3260    7.4
 56151 100.75  32.93  3530   20.3
 56152 100.33  32.28  3893   12.8
 57001 105.33  34.75  1271   0.01
 57002 105.65  34.86  1216   0.01
 57004 104.88  34.73  1495    1.0
 56158 100.66  31.39  3414   14.8
 58337 118.22  31.06    60    0.1
 57007 105.15  34.17  1383    0.2
 57008 105.30  34.03  1579    0.7
 51701  75.40  40.52  3504   0.01
 50858 125.81  46.02   159    3.1
 56164 100.96  32.27  3292   24.6
 56167 101.12  30.97  3008   25.1
 57014 105.87  34.57  1085   0.01
 56168 102.07  31.48  2168    3.1
 50862 127.98  46.98   206    0.4
 56171 101.70  32.90  3275   23.2
 56172 102.23  31.90  2664    5.0
 56173 102.55  32.80  3491   17.7
 56178 102.36  31.00  2438    0.4
 59205 105.63  23.63   685   14.8
 59209 105.82  23.42   855    4.8
 50871 129.88  46.73    95   0.01
 53903 105.71  35.97  1916    1.0
 53906 105.71  35.52  1656    0.6
 56180 103.85  31.68  1590    3.0
 56182 103.60  32.67  2881    7.7
 56184 103.17  31.44  1896    0.3
 57032 108.21  34.14   436   0.01
 56185 102.98  32.08  2400    3.0
 56186 104.20  31.33   589    2.2
 56187 103.86  30.75   547    1.2
 56189 103.93  30.98   581    0.1
 59218 106.45  23.10   724    1.8
 53910 106.20  35.66  2845    0.6
 53914 106.12  35.62  2078    1.0
 53916 106.31  35.49  1984    0.8
 53917 106.06  35.22  1631    1.0
 56190 104.55  31.55   519    0.4
 56192 104.67  32.95  1014    1.5
 56194 104.45  31.63   597   16.5
 56196 104.73  31.45   522   27.6
 56197 104.17  31.15   535   10.3
 56198 104.50  31.32   525   21.6
 56199 104.71  31.04   459    1.3
 59227 107.13  23.12   454    0.8
 59228 107.57  23.28   146    0.5
 50892 133.99  46.79    54    0.1
 59230 108.12  23.72   219    0.3
 59238 108.83  23.25   127    3.7
 50431 121.52  50.78   717    2.7
 50445 123.73  50.58   423    0.5
 54803 116.02  36.98    27    2.7
 54806 115.97  36.42    33   0.01
 52633  98.42  38.82  3367    5.4
 54811 116.62  36.93    20   0.01
 53973 112.95  35.78   837   0.01
 54821 117.20  37.00    20   0.01
 52643  99.62  38.83  2311    1.8
 54822 117.73  36.87    47    0.1
 53976 112.87  35.50   752    0.1
 52645  99.60  38.43  3314    5.0
 54824 117.95  36.63    95    0.1
 54825 117.85  36.52   189    0.3
 54829 117.87  36.77    85    0.1
 52652 100.28  39.08  1461    0.6
 54830 117.93  36.82    34   0.01
 54831 118.50  36.65   102   0.01
 52656 100.82  38.46  2232    1.2
 52657 100.25  38.18  2787    5.3
 54835 118.57  36.47   149   0.01
 52661 101.08  38.79  1765    0.4
 53994 114.10  35.43    68    2.9
 52674 101.93  38.22  2093    0.2
 54861 121.53  36.93    45   0.01
 53543 110.01  39.82  1462    3.0
 57900 105.22  25.83  1552   30.0
 57902 105.18  25.43  1378    5.5
 57903 105.60  25.94  1142   76.6
 57905 105.61  25.40  1184   22.9
 57906 106.08  25.18   566   25.8
 57907 104.90  25.08  1299   28.2
 57908 105.48  25.12  1394    1.1
 57909 105.82  24.98   584   22.6
 53553 111.22  39.87  1221    1.1
 57910 106.08  25.77  1197   50.2
 57911 106.65  26.67  1299   29.4
 57912 106.66  26.14   991   37.4
 54404 115.83  40.88   867    5.5
 57913 106.98  26.45  1093   31.9
 57914 106.67  26.41  1149   37.7
 57915 106.76  26.63  1103    8.6
 54410 116.13  40.60  1224   0.01
 57927 107.18  24.97   287    0.5
 54420 117.33  40.93   529   0.01
 54423 117.92  40.97   422    2.5
 57932 108.52  25.93   285    0.1
 53578 112.43  39.37  1114   0.01
 53579 112.92  39.05   859    0.4
 54430 118.21  40.78   330    0.1
 54432 118.47  40.61   369    1.7
 54436 118.95  40.42   254    1.0
 54438 118.88  39.88    65    0.1
 54439 118.71  40.02    50   0.01
 53594 114.22  39.45   938    0.1
 53599 114.68  39.37   884    0.1
 57956 110.34  25.43   191    0.1
 57957 110.30  25.32   164    0.1
 54449 119.52  39.85     2    0.5
 58806 116.02  26.48   209    0.8
 58820 117.17  26.90   342    7.0
 58823 117.80  26.80   175    1.1
 56646  99.91  26.54  2191    4.2
 56651 100.22  26.85  2380   10.5
 54474 122.36  40.41    24    0.9
 56652 100.75  26.68  2130   15.0
 54475 122.45  40.56    11   13.1
 54476 122.15  40.18    20    2.9
 56654 100.20  26.59  2195    2.0
 57502 105.69  29.71   541   74.4
 57503 105.12  29.62   349   34.5
 57505 105.58  29.42   338   12.3
 57506 105.90  29.37   353   19.6
 57507 105.30  29.33   385   24.3
 57508 105.37  29.15   301   46.6
 57509 106.92  28.99   599   38.3
 54483 123.90  40.87   233    3.2
 57510 106.07  29.85   326   19.4
 57511 106.45  29.85   240   43.0
 56664 101.27  26.64  1230   10.5
 54486 123.28  40.34    97    0.7
 57512 106.27  29.97   364   31.3
 58843 120.02  26.88    56    2.3
 56665 101.85  26.68  1140    5.5
 57513 106.63  29.73   464   26.7
 56666 101.72  26.58  1224   35.2
 57514 106.22  29.58   331   61.5
 57516 106.47  29.58   259   62.4
 56669 101.66  26.04  1589   26.3
 57517 106.25  29.28   261   36.6
 57518 106.50  29.33   506   68.3
 57519 107.12  29.17   698   30.2
 56670 102.12  26.92  1136    3.0
 54493 124.78  40.72   260    0.4
 56671 102.25  26.65  1787   14.5
 58850 120.23  26.92    92   12.1
 54494 124.05  40.47    72    0.7
 57520 107.07  29.83   377   72.5
 56673 102.93  26.92   893    7.6
 54012 117.63  44.57  1001    1.1
 56674 101.75  26.49  1280   10.6
 57522 107.27  29.73   372   39.3
 56675 102.58  26.65  1694   19.1
 54497 124.33  40.03    13    0.6
 57523 107.76  29.90   393    0.2
 57525 107.75  29.32   406    6.8
 56684 103.25  26.40  2188   24.0
 56202  93.28  30.67  4488   10.9
 54024 119.30  44.45   710    2.9
 54026 120.90  44.57   265    1.3
 56688 103.17  26.10  1263   17.3
 57536 108.77  29.52   786    1.0
 54027 119.32  43.96   587    3.0
 57537 108.17  29.30   322   14.8
 56691 104.28  26.86  2238    9.8
 56693 104.87  26.58  1815    9.0
 56697 104.08  26.22  1984   35.5
 50913 118.83  45.72   865    5.8
 50915 116.97  45.52   838    0.9
 53192 115.00  44.02  1147    0.6
 56223  95.79  30.76  3611    1.9
 56227  95.77  29.87  2736    2.6
 50928 120.33  45.07   628   0.01
 57564 111.09  29.43   174    0.3
 58417 116.12  30.17   109    0.1
 58419 117.00  30.23   115    0.1
 50937 121.48  45.06   282    1.2
 59750 110.07  20.96    33   12.8
 58421 117.86  30.61    77   0.01
 56247  99.10  30.00  2589    7.2
 54069 125.80  44.12   173   0.01
 58429 117.85  30.98    11    9.7
 56251 100.32  30.93  3000   20.8
 58431 118.32  30.90    39    2.7
 58432 118.40  30.68    57    1.4
 58433 118.75  30.93    31    5.6
 57102 105.72  33.75   970    1.5
 57586 114.04  29.54    78    0.1
 56257 100.27  30.00  3948   10.5
 57105 105.60  33.33  1221    3.3
 58436 118.98  30.62    87    1.2
 57106 106.15  33.32   794    0.7
 58438 118.58  30.08   191    0.1
 56263 101.88  30.88  1949    0.6
 57110 106.07  33.79  1003    0.3
 57111 106.30  33.92   961    0.2
 57598 114.58  29.03   146   0.01
 56267 101.02  30.03  2600    3.4
 58446 119.70  30.63    72    5.2
 58449 119.95  30.05    46   0.01
 56273 102.82  30.39  1022    0.1
 56276 103.82  30.45   467    0.9
 57124 106.92  33.62  1039    0.1
 58456 120.52  30.63     6    0.5
 56278 102.78  30.07   818    0.2
 59306 115.85  23.45    80    0.1
 50978 130.91  45.31   272   0.01
 56281 103.49  30.20   578    5.1
 59310 116.17  23.77    45   0.01
 58464 121.12  30.65     4    0.1
 56286 104.26  30.61   505    3.5
 59312 116.70  23.67    60    2.3
 56288 103.92  30.58   494    0.5
 59314 116.20  23.40    69    2.3
 56289 103.87  30.20   437    1.6
 59315 116.40  23.59    43    0.3
 59316 116.68  23.39     2   20.4
 59317 116.30  22.98    42    2.1
 59318 116.59  23.26     6    0.4
 56290 104.18  30.78   514    1.8
 56291 104.31  30.97   468   18.5
 56295 104.55  30.38   448   22.6
 56296 104.43  30.81   493    1.5
 59321 117.50  23.78    53   0.01
 56297 104.14  30.04   435    0.3
 56298 104.60  30.13   417   77.7
 50514 117.32  49.58   661   12.0
 58484 122.20  30.25    37   0.01
 50524 119.46  49.34   597    3.7
 50527 119.70  49.25   649   19.5
 58013 116.91  34.75    36    0.1
 58016 116.97  34.18    34    0.2
 58017 116.15  34.28    42    5.7
 58020 117.14  34.77    35    1.4
 58021 117.28  34.78    80    1.5
 58025 117.73  34.57    27    5.6
 58026 118.02  34.39    25    2.1
 50548 123.72  49.20   286   0.01
 58034 118.32  34.60    36    0.1
 58035 118.35  34.33    29   14.8
 58038 118.78  34.08    10   21.6
 54912 116.50  35.77    41   0.01
 54913 116.81  35.80    67   0.01
 52737  97.38  37.37  2981    1.0
 58045 119.60  34.20     4    1.7
 58048 119.29  34.06     8    2.0
 58049 119.80  34.02     4    6.2
 54922 117.75  35.87   206   19.2
 52745  99.02  37.30  3417    4.1
 54923 117.95  35.73   286    4.2
 54925 117.68  35.50   161    0.1
 54927 117.20  35.10    74    1.2
 52754 100.13  37.33  3301    0.1
 54932 118.65  35.77   186   0.01
 54936 118.83  35.57   107   0.01
 54938 118.42  35.25   124   0.01
 54939 118.82  35.17   113   0.01
 52765 101.61  37.38  2850    7.2
 53619 106.30  38.12  1115   0.01
 52784 102.90  37.47  2072    0.4
 52787 102.87  37.20  3045    8.2
 52797 104.05  37.18  1630   0.01
 52323  97.03  41.80  1770   0.01
 53674 112.70  38.40   869    0.1
 53680 114.38  38.30   108    0.1
 53682 114.68  38.63   104    3.1
 53685 113.42  38.08   953    5.4
 53688 114.55  38.42   100   0.01
 53689 115.07  38.02    42   0.01
 53690 114.18  38.85   281   0.01
 53691 114.57  38.15    71   0.01
 53692 114.98  38.73    66   0.01
 54541 119.23  39.90    24   0.01
 53694 114.22  38.27   131   0.01
 53695 114.68  38.35    70    0.1
 53696 115.01  38.54    41    0.3
 53699 114.95  38.18    45    0.4
 56739  98.51  24.98  1695    3.2
 54563 122.01  39.63   118    0.2
 54565 121.47  39.60    70   10.3
 54568 121.76  39.06    90   0.01
 54569 121.94  39.42    11    0.1
 51060  86.87  47.70   473    0.1
 56752 100.57  25.83  1438    0.2
 54575 122.34  39.40    43    0.3
 57600 105.06  28.71   420    1.7
 57603 105.83  28.82   283    0.1
 54579 122.59  39.27    35    0.7
 57605 105.82  28.03   537    0.6
 57606 106.83  28.13   972   41.9
 57608 105.43  28.17   377    4.6
 57609 105.71  28.56   354    0.3
 56761 101.32  25.72  1878   10.1
 54584 122.95  39.71    34    3.3
 56763 101.87  25.73  1120   39.7
 54102 116.12  43.95  1003    9.5
 57612 106.65  29.00   474   82.3
 56766 101.52  25.31  1822    0.3
 57614 106.22  28.33  1180   27.5
 56768 101.55  25.03  1824    9.4
 54590 124.15  39.92     3    2.1
 56772 102.50  25.23  1692   26.5
 56774 102.42  25.50  1799   28.1
 51087  89.50  47.02   860    1.7
 56775 102.45  25.55  1750   83.3
 54113 118.63  43.53   688    8.2
 57623 107.60  28.88   685   10.0
 56777 102.10  25.11  1671    0.2
 54115 118.03  43.63   825    5.0
 57625 107.46  28.54   816   24.8
 56778 102.65  25.00  1888   50.1
 56781 103.27  25.52  1865   19.6
 53272 112.63  42.75  1104    2.1
 56782 103.57  25.43  2067    3.5
 56783 103.80  25.50  1906    2.6
 54122 120.03  43.86   428    0.4
 53276 112.90  42.40  1150    0.4
 56785 103.08  25.36  1915   46.0
 57633 108.77  28.82   826   32.9
 56786 103.82  25.60  1891   12.2
 57634 107.89  28.52   660    8.6
 57635 109.02  28.37   548    2.0
 56788 103.62  24.98  1857   22.8
 57636 108.50  28.56   503   39.5
 57637 108.10  28.25   629    1.6
 56307  92.58  29.15  3260   10.9
 56790 104.25  25.68  1925   15.0
 56792 104.97  25.78  1649    8.2
 57640 109.46  28.58   341    8.1
 56793 104.53  25.75  2125    7.5
 57642 109.65  28.68   438   32.7
 57643 109.84  29.01   268    0.3
 56312  94.33  29.67  2991   10.4
 53289 113.83  42.23  1322    1.9
 57646 109.97  28.62   302   46.5
 57647 109.19  28.16   406    0.2
 57649 109.68  28.24   254    0.4
 57655 110.40  28.47   151   22.0
 57657 110.21  28.23   186    0.1
 58509 115.82  29.05    36   0.01
 57661 111.48  28.91    48   12.3
 57662 111.68  29.12   150    3.0
 56331  97.83  29.67  3780    0.2
 59840 109.20  19.77    49    0.4
 57663 111.96  28.92    31    3.4
 59842 109.68  19.90    31   11.8
 54156 124.80  43.52   200    9.3
 59843 110.02  19.74    31    3.8
 57666 112.17  28.51   136    1.9
 58514 116.03  29.45    37   0.01
 59845 109.58  19.52   169   27.4
 57669 111.22  28.38   128    3.2
 59847 109.05  19.27    98    1.6
 58517 116.18  29.25    77    0.1
 59848 109.43  19.23   215   33.8
 59849 109.84  19.04   300    9.2
 57671 112.37  28.85    37   17.2
 55493  91.10  30.48  4200    2.3
 59851 110.34  19.67    53   29.2
 57673 112.93  28.73    63   60.4
 56342  98.60  29.65  3846    0.1
 57674 112.38  28.57    46   15.2
 58523 117.93  29.93   227    0.1
 59854 110.10  19.37   118   17.8
 57678 112.56  28.25    74   11.8
 57679 113.20  28.21   101   14.2
 58529 117.85  29.28   171    1.0
 57680 113.11  28.86    82    1.0
 57682 113.57  28.71   106   46.8
 58530 118.43  29.87   168   0.01
 57687 112.79  28.11   119   53.9
 57688 113.63  28.16   101   16.1
 57204 105.22  32.57   782    7.7
 56357 100.30  29.05  3727    0.2
 58537 118.40  29.13   153   86.4
 57208 105.52  32.28   544    1.9
 57694 114.37  28.53   259   40.7
 57211 106.25  32.83   836    4.3
 57696 114.77  28.38    91   14.2
 57698 114.43  28.10   122   11.8
 57699 114.97  28.23    93    3.7
 58546 119.88  29.47   115   0.01
 58547 119.19  29.04    66   48.1
 58548 119.48  29.22    50    1.2
 58549 119.65  29.12    62   11.8
 56128  96.60  31.22  3810    5.9
 59994 114.29   9.71     5   15.0
 59996 114.50   9.91     5    3.6
 59993 114.22  10.21     5   16.7
 52818  94.91  36.42  2807    1.7
 45011 113.55  22.15   114    3.8
 53399 114.70  41.15  1393    1.2
 57816 106.73  26.59  1227   13.8
 52532  98.33  39.78  1602    0.1
 45007 113.91  22.30    15    0.1
 53990 114.32  35.72    79    0.1
 58215 116.78  32.43    25    8.9
 51076  88.08  47.73   735    2.3
