diamond  3 2019年12月31日08点24小时降雨量                    
  19  12  31  08    -1 3 10 25 50 1 0
 39 122.7  37.3 122.5  36.7 120.8  36.2 119.3  35.0 120.4  34.3
 121.1  32.7 122.3  30.9 122.5  30.1 121.5  28.0 119.8  25.0
 116.1  22.6 111.0  21.0 111.0  18.6 109.6  18.1 108.3  18.5
 108.9  19.9 109.3  21.0 106.4  21.6 104.1  22.2 101.6  20.8
  98.7  22.0  97.1  24.1  97.7  27.0  91.7  26.6  85.7  27.7
  78.9  30.6  73.3  37.1  74.1  40.7  87.6  49.8  98.5  43.9
 110.4  44.3 122.0  54.7 135.7  48.3 131.5  42.2 125.2  39.4
 121.3  38.5 121.2  40.3 118.5  38.6 120.8  38.1
 1    2828
 45004 114.17  22.31    66    0.0
 45004 114.17  22.31    66    0.0
 45004 114.17  22.31    66    0.0
 45004 114.17  22.31    66    0.0
 45004 114.17  22.31    66    0.0
 45004 114.17  22.31    66    0.0
 45004 114.17  22.31    66    0.0
 45004 114.17  22.31    66    0.0
 45004 114.17  22.31    66    0.0
 45004 114.17  22.31    66    0.0
 45004 114.17  22.31    66    0.0
 45004 114.17  22.31    66    0.0
 45005 114.17  22.30    31    0.0
 45005 114.17  22.30    31    0.0
 45005 114.17  22.30    31    0.0
 45005 114.17  22.30    31    0.0
 45005 114.17  22.30    31    0.0
 45005 114.17  22.30    31    0.0
 45005 114.17  22.30    31    0.0
 45005 114.17  22.30    31    0.0
 45005 114.17  22.30    31    0.0
 45005 114.17  22.30    31    0.0
 45005 114.17  22.30    31    0.0
 45005 114.17  22.30    31    0.0
 45007 113.91  22.30    15    0.0
 45011 113.55  22.15   114 9999.0
 45013 113.55  22.15   110 9999.0
 45013 113.55  22.15   110 9999.0
 45013 113.55  22.15   110 9999.0
 45013 113.55  22.15   110 9999.0
 45018 113.57  22.13    27 9999.0
 45018 113.57  22.13    27 9999.0
 45018 113.57  22.13    27 9999.0
 45018 113.57  22.13    27 9999.0
 45020 113.53  22.18    59 9999.0
 45020 113.53  22.18    59 9999.0
 45020 113.53  22.18    59 9999.0
 45020 113.53  22.18    59 9999.0
 45032 114.15  22.52    14    0.0
 45032 114.15  22.52    14    0.0
 45032 114.15  22.52    14    0.0
 45032 114.15  22.52    14 9999.0
 45032 114.15  22.52    14    0.0
 45032 114.15  22.52    14    0.0
 45032 114.15  22.52    14    0.0
 45032 114.15  22.52    14    0.0
 45032 114.15  22.52    14    0.0
 45032 114.15  22.52    14    0.0
 45032 114.15  22.52    14    0.0
 45032 114.15  22.52    14    0.0
 45035 113.98  22.47    35    0.0
 45035 113.98  22.47    35    0.0
 45035 113.98  22.47    35    0.0
 45035 113.98  22.47    35    0.0
 45035 113.98  22.47    35    0.0
 45035 113.98  22.47    35    0.0
 45035 113.98  22.47    35 9999.0
 45035 113.98  22.47    35    0.0
 45035 113.98  22.47    35    0.0
 45035 113.98  22.47    35    0.0
 45035 113.98  22.47    35    0.0
 45035 113.98  22.47    35    0.0
 45039 114.20  22.40    12    0.0
 45039 114.20  22.40    12    0.0
 45039 114.20  22.40    12    0.0
 45039 114.20  22.40    12    0.0
 45039 114.20  22.40    12    0.0
 45039 114.20  22.40    12    0.0
 45039 114.20  22.40    12 9999.0
 45039 114.20  22.40    12    0.0
 45039 114.20  22.40    12    0.0
 45039 114.20  22.40    12    0.0
 45039 114.20  22.40    12    0.0
 45039 114.20  22.40    12    0.0
 45044 114.02  22.20    79    0.0
 45044 114.02  22.20    79    0.0
 45044 114.02  22.20    79    0.0
 45044 114.02  22.20    79    0.0
 45044 114.02  22.20    79    0.0
 45044 114.02  22.20    79    0.0
 45044 114.02  22.20    79    0.0
 45044 114.02  22.20    79    0.0
 45044 114.02  22.20    79    0.0
 45044 114.02  22.20    79 9999.0
 45044 114.02  22.20    79    0.0
 45044 114.02  22.20    79    0.0
 45045 114.30  22.17    60    0.0
 45045 114.30  22.17    60    0.0
 45045 114.30  22.17    60 9999.0
 45045 114.30  22.17    60    0.0
 45045 114.30  22.17    60    0.0
 45045 114.30  22.17    60    0.0
 45045 114.30  22.17    60    0.0
 45045 114.30  22.17    60    0.0
 45045 114.30  22.17    60    0.0
 45045 114.30  22.17    60    0.0
 45045 114.30  22.17    60    0.0
 45045 114.30  22.17    60    0.0
 50136 122.51  52.97   438    0.0
 50137 122.38  53.47   296    0.0
 50246 124.72  52.35   361    0.1
 50247 123.57  52.04   514    0.0
 50349 124.39  51.67   501    0.0
 50353 126.64  51.73   173    0.0
 50425 120.18  50.25   581    0.0
 50429 120.73  51.29   838 9999.0
 50431 121.52  50.78   717    0.0
 50434 121.68  50.48   732    0.0
 50442 124.12  50.41   371    0.0
 50445 123.73  50.58   423    0.0
 50447 123.09  50.15   483 9999.0
 50468 127.46  50.25   166    0.0
 50514 117.32  49.58   661    0.0
 50516 118.57  49.48   576 9999.0
 50524 119.43  49.32   576    0.0
 50525 119.75  49.15   620    0.0
 50526 120.70  49.28   668    0.0
 50527 119.70  49.25   649    0.0
 50531 121.56  50.00   891 9999.0
 50543 124.63  49.70   286 9999.0
 50548 123.72  49.20   286    0.0
 50557 125.23  49.16   242    0.0
 50564 127.33  49.42   234    0.0
 50566 128.48  49.57   116    0.0
 50603 116.81  48.68   542    0.0
 50618 118.27  48.22   642    0.0
 50628 119.98  48.26   790 9999.0
 50632 121.92  48.77   739    0.0
 50637 121.24  48.16   816 9999.0
 50639 122.73  48.00   306    0.0
 50645 124.48  48.48   195    0.0
 50646 124.88  48.50   230    0.0
 50647 123.48  48.13   236    0.0
 50655 126.19  48.50   266    0.0
 50656 126.51  48.26   278    0.0
 50658 125.79  48.08   291    0.0
 50659 126.24  48.05   297    0.0
 50673 130.42  48.90    90    0.0
 50674 129.43  48.57   404    0.0
 50727 119.93  47.17   997    0.0
 50734 121.31  47.56   624 9999.0
 50739 123.24  47.30   209    0.0
 50741 123.50  47.93   185    0.0
 50742 124.48  47.79   162    0.0
 50745 123.92  47.38   146    0.0
 50749 124.83  47.18   154    0.0
 50750 125.29  47.90   226    0.0
 50755 126.07  47.62   249    0.0
 50756 126.87  47.45   219    0.0
 50758 125.89  47.15   240    0.0
 50767 127.10  47.23   202    0.0
 50772 129.23  48.11   300    0.0
 50774 128.84  47.71   264    0.0
 50775 130.20  47.34   182    0.0
 50776 130.83  47.57    83    0.0
 50778 132.54  47.66    57    0.0
 50779 134.42  48.34    40    0.0
 50787 131.84  47.31    62    0.0
 50788 132.00  47.23    66    0.0
 50819 118.64  46.33   897 9999.0
 50822 120.30  46.77   790 9999.0
 50832 122.08  46.72   332    0.0
 50833 122.88  46.74   218    0.0
 50834 121.22  46.60   499    0.0
 50838 122.05  46.08   274    0.0
 50842 124.42  46.84   145    0.0
 50844 123.45  46.40   138    0.0
 50850 124.99  46.62   152    0.0
 50851 126.08  46.69   207    0.0
 50852 126.45  46.82   169    0.0
 50853 126.97  46.62   179    0.0
 50854 125.32  46.38   149    0.0
 50858 125.81  46.02   159    0.0
 50859 126.28  46.29   169    0.0
 50861 127.48  46.89   182    0.0
 50862 127.98  46.98   206    0.0
 50867 127.35  46.08   134    0.0
 50871 129.88  46.73    95    0.0
 50873 130.30  46.78    82    0.1
 50877 129.58  46.30   100    0.8
 50878 130.72  47.00    78    0.0
 50879 130.56  46.23   187    1.6
 50880 131.11  46.74   102    0.0
 50881 131.79  46.78    70    0.0
 50884 131.15  46.65   175    0.1
 50888 132.17  46.39    79    0.0
 50892 133.99  46.79    54    0.0
 50913 118.83  45.72   865    0.0
 50915 116.97  45.52   838    0.0
 50922 120.47  45.97   691 9999.0
 50924 119.65  45.55   860    0.0
 50928 120.33  45.07   628    0.0
 50930 121.30  45.82   458 9999.0
 50934 121.58  45.38   311    0.0
 50936 122.83  45.63   155    0.0
 50937 121.48  45.06   282    0.0
 50939 122.76  45.35   150    0.0
 50940 123.17  45.85   141    0.0
 50945 124.24  45.51   138    0.0
 50946 124.83  45.18   139    0.0
 50948 124.02  45.00   146    0.0
 50949 124.87  45.08   136    0.0
 50950 125.25  45.70   148    0.0
 50953 126.57  45.93   118    0.0
 50954 125.08  45.50   127    0.0
 50955 126.32  45.39   168    0.0
 50956 126.77  46.09   134    0.0
 50958 126.94  45.53   168    0.0
 50960 127.38  45.73   184    0.0
 50962 128.05  45.98   116    0.0
 50963 128.73  45.97   108    0.2
 50964 128.80  45.83   119    0.3
 50965 128.28  45.44   167    0.1
 50968 127.97  45.22   189    0.2
 50971 130.98  45.84   194    0.0
 50973 130.61  45.75   234    0.0
 50978 130.91  45.31   272    0.0
 50979 130.24  45.28   274    0.0
 50983 132.88  45.76    98    0.0
 50985 131.87  45.55   151    0.0
 50987 131.09  45.26   219    0.1
 51004  85.96  48.35   623 9999.0
 51008  87.10  48.13   674 9999.0
 51053  86.40  48.05   532    0.1
 51058  87.97  47.10   563    0.0
 51059  85.88  47.45   968    0.0
 51060  86.87  47.70   473    0.0
 51067  86.61  47.10  1219 9999.0
 51068  87.48  47.12   497    0.0
 51076  88.08  47.73   735    1.1
 51084  89.86  47.21  1208 9999.0
 51087  89.50  47.02   860    0.0
 51133  83.00  46.73   534    5.0
 51137  83.07  46.20   721    3.5
 51145  83.65  46.55   521    0.0
 51149  84.37  46.16   869 9999.0
 51156  85.75  46.82  1322    0.0
 51158  86.22  46.34   573 9999.0
 51166  87.93  46.48   672 9999.0
 51186  90.38  46.67  1218    0.0
 51187  89.92  46.17   885 9999.0
 51189  90.76  46.49  1292 9999.0
 51232  82.55  45.18   369    0.0
 51238  82.07  44.90   532    0.0
 51241  83.60  45.93  1094    0.0
 51243  84.86  45.63   450    0.0
 51245  83.85  45.52  1484 9999.0
 51288  90.53  45.37  1653    0.0
 51323  80.58  44.96  1903 9999.0
 51328  80.42  44.17   722    0.2
 51329  80.85  44.05   640    0.5
 51330  81.02  44.97  1357    0.0
 51334  82.82  44.57   329    0.0
 51335  82.15  44.61   351 9999.0
 51337  81.39  44.60  2091 9999.0
 51342  84.80  44.88   342 9999.0
 51345  83.90  44.55   482 9999.0
 51346  84.67  44.43   478    0.0
 51352  85.25  44.85   337    0.0
 51353  86.10  45.02   346    0.0
 51356  86.05  44.32   442    0.0
 51357  85.62  44.33   522    0.0
 51358  85.82  44.28   468    0.0
 51359  86.20  44.32   471    0.0
 51365  87.53  44.20   440    0.0
 51367  86.85  44.17   575    0.0
 51368  87.32  44.12   515    0.0
 51369  87.65  43.97   600    0.0
 51377  87.92  44.17   547    0.0
 51378  89.17  44.00   742    0.0
 51379  89.57  44.02   793    0.0
 51431  81.33  43.95   662    0.1
 51433  82.52  43.80  1105    0.0
 51434  81.53  43.97   770    0.1
 51435  82.23  43.47   774    0.0
 51436  83.30  43.45   928    0.0
 51437  81.13  43.15  1851    0.0
 51438  81.77  43.18  1210    0.0
 51463  87.65  43.78   935    0.0
 51465  87.10  43.48  1871    0.0
 51467  86.33  42.77  1732    0.0
 51469  87.18  43.45  1930    0.0
 51470  88.12  43.88  1942    0.0
 51477  88.32  43.35  1103    0.0
 51482  90.28  43.83  1271    0.0
 51495  91.73  43.22   721    0.0
 51526  88.22  42.23   922    0.0
 51542  84.15  43.03  2458    0.0
 51559  86.37  42.33  1113    0.0
 51567  86.60  42.05  1055    0.0
 51568  86.85  42.27  1085    0.0
 51571  88.60  42.77    49    0.0
 51572  89.25  42.83   -48    0.0
 51573  89.23  42.95    39    0.0
 51581  90.23  42.85   398    0.0
 51627  79.23  41.22  1395    0.0
 51628  80.38  41.12  1107    0.0
 51629  80.23  41.27  1133    0.0
 51631  81.53  41.99  1701 9999.0
 51633  81.90  41.78  1229    0.0
 51636  82.65  41.55  1009    0.0
 51639  82.78  41.23   980    0.0
 51642  84.27  41.82   982    0.0
 51644  82.97  41.72  1081    0.0
 51655  86.27  41.35   884    0.0
 51656  85.82  41.73   899    0.0
 51701  75.40  40.52  3504    0.0
 51703  76.79  40.16  1594 9999.0
 51704  76.17  39.72  1298    0.0
 51705  75.25  39.72  2175    0.0
 51707  76.78  39.50  1204    0.0
 51708  75.95  39.15  1325    0.0
 51709  75.75  39.48  1385    0.0
 51711  78.45  40.93  1985    0.0
 51715  77.45  39.81  1165 9999.0
 51716  78.57  39.80  1116    0.0
 51717  76.78  39.25  1206    0.0
 51720  79.05  40.50  1161    0.0
 51722  80.40  40.65  1044    0.0
 51724  79.72  40.62  1055 9999.0
 51730  81.27  40.55  1012    0.0
 51732  82.18  40.91   971 9999.0
 51747  83.67  39.00  1099    0.0
 51765  87.70  40.63   846    0.0
 51777  88.18  39.02   888    0.0
 51802  76.17  38.93  1297    0.0
 51803  76.40  38.61  1438 9999.0
 51804  75.23  37.77  3090    0.0
 51806  76.69  37.86  1632 9999.0
 51810  77.63  38.92  1178    0.0
 51811  77.27  38.43  1231    0.0
 51814  77.40  37.92  1360    0.0
 51815  77.27  38.20  1274    0.0
 51817  77.37  37.46  1872 9999.0
 51818  78.28  37.62  1375    0.0
 51826  80.80  37.02  1336    0.0
 51827  79.63  37.17  1348    0.0
 51828  79.93  37.13  1375    0.0
 51829  80.23  37.05  1295    0.0
 51839  82.57  37.07  1409    0.0
 51855  85.55  38.15  1247    0.0
 51858  85.76  37.51  2298 9999.0
 51886  90.85  38.25  2944    0.0
 51894  91.27  37.95  3069 9999.0
 51896  92.14  38.25  2710 9999.0
 51899  92.48  37.28  2899 9999.0
 51931  81.65  36.85  1422    0.0
 52008  93.35  44.28   874 9999.0
 52101  93.05  43.60  1679    0.0
 52106  93.61  43.39  2039 9999.0
 52112  94.98  43.75   479    0.0
 52118  94.70  43.27  1728    0.0
 52203  93.52  42.82   737    0.0
 52207  92.70  42.18   721 9999.0
 52211  94.54  42.78  1661 9999.0
 52214  94.16  42.57   820 9999.0
 52264 101.27  42.56  1011 9999.0
 52267 101.07  41.95   940    0.0
 52313  94.67  41.53  1573    0.0
 52323  97.03  41.80  1770    0.0
 52346  99.60  41.38  1158 9999.0
 52378 102.37  41.37   960    0.0
 52397 104.22  41.18   895 9999.0
 52418  94.68  40.15  1139    0.0
 52424  95.78  40.53  1170    0.0
 52436  97.03  40.27  1526    0.0
 52446  99.52  40.31  1177    0.0
 52447  98.89  40.00  1270    0.0
 52495 104.80  40.17  1323    0.0
 52515  94.87  39.52  2137    0.0
 52532  98.33  39.78  1602    0.0
 52533  98.48  39.77  1477    0.0
 52546  99.83  39.37  1332    0.0
 52557 100.16  39.15  1453    0.0
 52575 102.78  39.42  1239    0.0
 52576 101.68  39.22  1510    0.0
 52594 104.09  39.45  1248 9999.0
 52602  93.33  38.75  2770    0.0
 52607 106.65  39.43  1252    0.0
 52633  98.42  38.82  3367    0.0
 52643  99.62  38.83  2311    0.0
 52645  99.60  38.43  3314    0.0
 52652 100.28  39.08  1461    0.0
 52654 100.01  38.21  2913 9999.0
 52656 100.82  38.46  2232    0.0
 52657 100.25  38.18  2787    0.0
 52661 101.08  38.79  1765    0.0
 52674 101.93  38.22  2093    0.0
 52675 102.20  38.53  1508    0.0
 52679 102.87  37.89  1540    0.0
 52681 103.09  38.63  1367    0.0
 52707  93.68  36.80  2767    0.0
 52713  95.35  37.85  3173    0.0
 52714  94.16  37.35  2706 9999.0
 52737  97.38  37.37  2981    0.0
 52745  99.02  37.30  3417    0.0
 52754 100.13  37.33  3301    0.0
 52765 101.61  37.38  2850    0.0
 52784 102.90  37.47  2072    0.0
 52787 102.87  37.20  3045    0.0
 52792 104.51  37.94  1452 9999.0
 52795 104.52  37.45  1690 9999.0
 52797 104.05  37.18  1630    0.0
 52814  94.43  36.42  2794 9999.0
 52816  95.19  36.79  2690 9999.0
 52818  94.91  36.42  2807    0.0
 52824  95.75  36.44  2772 9999.0
 52825  96.43  36.44  2790    0.0
 52829  96.95  36.27  2776 9999.0
 52833  98.49  36.93  2950    0.0
 52836  98.10  36.30  3189    0.0
 52838  97.79  36.06  2995 9999.0
 52842  99.07  36.79  3087    0.0
 52851 100.27  36.62  3241 9999.0
 52853 100.98  36.90  3010    0.0
 52854 100.49  36.59  3200 9999.0
 52855 101.25  36.68  2675    0.0
 52856 100.62  36.27  2835    0.0
 52859 100.90  36.29  3816 9999.0
 52862 101.66  36.97  2470    0.0
 52863 101.95  36.82  2480    0.0
 52866 101.73  36.66  2434    0.0
 52868 101.37  36.02  2273    0.0
 52869 101.58  36.50  2667    0.0
 52870 102.33  36.37  2380 9999.0
 52871 102.43  36.89  2645 9999.0
 52874 102.41  36.49  2021    0.0
 52875 102.10  36.50  2125    0.0
 52876 102.84  36.33  1813    0.0
 52877 102.25  36.10  2834    0.0
 52878 102.03  36.02  2086 9999.0
 52881 103.19  36.99  2484    0.0
 52884 103.94  36.35  1668    0.0
 52885 103.26  36.75  2118    0.0
 52889 103.88  36.04  1517    0.0
 52895 104.69  36.57  1398    0.0
 52896 104.14  36.55  1736    0.0
 52905  93.49  35.38  4498 9999.0
 52906  93.93  35.53  4613 9999.0
 52908  93.08  35.22  4612    0.0
 52910  94.31  35.73  4157 9999.0
 52911  94.55  35.87  3574 9999.0
 52931  97.50  36.02  3008 9999.0
 52941 100.26  36.26  2872 9999.0
 52942  99.99  35.89  3254 9999.0
 52943  99.98  35.58  3323    0.0
 52953 100.92  35.76  3314 9999.0
 52955 100.73  35.58  3120    0.0
 52957 100.60  35.24  3148    0.0
 52958 100.66  35.26  3291 9999.0
 52963 102.02  35.93  2085    0.0
 52968 101.47  35.03  3662    0.0
 52972 102.46  35.85  1921    0.0
 52974 102.03  35.54  2475    0.0
 52978 102.49  35.19  2948    0.0
 52980 103.30  35.97  1648    0.0
 52981 103.38  35.68  2421    0.0
 52982 103.56  35.48  1953    0.0
 52983 104.14  35.87  1874    0.0
 52984 103.18  35.58  1917    0.0
 52985 103.34  35.41  2162    0.0
 52986 103.86  35.36  1893    0.0
 52988 103.72  35.37  2015    0.0
 52993 105.06  35.68  1739    0.0
 52995 104.60  35.58  2004    0.0
 52996 105.01  35.39  2450    0.0
 52998 104.20  35.13  2111    0.0
 53068 111.94  43.63   963    0.0
 53077 112.09  44.30  1020 9999.0
 53083 114.15  44.62  1181    0.0
 53084 113.09  44.49  1121 9999.0
 53149 110.13  42.53  1225    0.0
 53192 115.00  44.02  1147    0.0
 53195 113.63  43.85  1036    0.0
 53198 114.49  43.13  1070 9999.0
 53225 107.54  42.40  1107 9999.0
 53231 106.40  41.40  1510    0.0
 53248 109.35  42.23  1205 9999.0
 53257 110.01  42.02  1314 9999.0
 53261 111.44  42.72  1032 9999.0
 53269 111.56  42.01  1322 9999.0
 53272 112.63  42.75  1104    0.0
 53276 112.90  42.40  1150    0.0
 53282 113.80  42.79  1064 9999.0
 53289 113.83  42.23  1322    0.0
 53321 107.52  41.81  1496 9999.0
 53324 107.05  41.07  1035    0.0
 53336 108.52  41.57  1288    0.0
 53337 108.47  41.09  1023    0.1
 53343 109.97  41.77  1612    0.0
 53348 109.13  41.02  1078    0.0
 53352 110.43  41.70  1376    0.0
 53357 110.10  41.03  1403    0.0
 53362 111.65  41.55  1445    0.0
 53367 111.23  41.32  1602    0.0
 53368 111.46  41.08  1637    0.0
 53378 112.62  41.28  1737    0.0
 53384 113.18  41.45  1423    0.0
 53385 113.54  41.60  1420    0.0
 53391 114.00  41.90  1482    0.0
 53392 114.56  41.86  1434    0.2
 53397 113.98  41.10  1376    0.0
 53399 114.70  41.15  1393    0.0
 53403 105.86  40.71  1303 9999.0
 53419 107.00  40.33  1055    0.0
 53420 107.12  40.85  1024    0.0
 53433 108.65  40.73  1020    0.0
 53446 109.88  40.53  1004    0.0
 53455 110.53  40.55   998    0.0
 53457 110.03  40.40  1011    0.0
 53463 111.57  40.86  1153    0.0
 53464 111.17  40.72  1042    0.0
 53466 111.70  40.75  1045    0.0
 53467 111.25  40.25  1015    0.0
 53469 111.82  40.40  1166    0.0
 53472 112.57  40.87  1451    0.0
 53475 112.47  40.52  1268    0.0
 53478 112.47  40.00  1345    0.0
 53480 113.07  41.03  1419    0.0
 53481 113.21  40.81  1284    0.0
 53483 113.83  40.87  1268    0.0
 53484 113.15  40.45  1191    0.0
 53486 113.77  40.37  1050    0.0
 53487 113.42  40.08  1052    0.0
 53488 113.58  40.03  1034    0.0
 53490 114.07  40.43  1014    0.0
 53491 114.38  40.68   837    0.0
 53492 114.15  40.10   937    0.0
 53498 115.03  40.57   629    0.0
 53499 114.73  40.77   755    0.0
 53502 105.75  39.78  1031    0.0
 53505 105.40  37.88  1380    0.0
 53512 106.80  39.80  1105    0.0
 53513 107.37  40.73  1041    0.0
 53517 106.33  39.26  1464    0.0
 53518 106.35  39.03  1126    0.0
 53519 106.76  39.21  1092    0.0
 53522 107.83  40.05  1180    0.0
 53529 107.96  39.09  1381    0.0
 53533 108.71  39.81  1414    0.0
 53543 110.01  39.82  1462    0.0
 53545 109.71  39.56  1367    0.0
 53547 109.03  39.10  1312    0.0
 53553 111.22  39.87  1221    0.0
 53562 111.66  39.92  1208    0.0
 53564 111.22  39.37  1036    0.0
 53565 111.50  39.43  1051    0.0
 53567 111.00  39.02  1024    0.0
 53573 112.70  40.00  1336    0.0
 53574 112.27  39.52  1409    0.0
 53575 112.20  39.10  1525    0.0
 53576 112.82  39.52  1045    0.0
 53577 112.30  39.00  1437    0.0
 53578 112.43  39.37  1114    0.0
 53579 112.92  39.05   859    0.0
 53580 113.10  39.83  1044    0.0
 53582 113.66  39.71  1079    0.0
 53584 113.17  39.57  1000    0.0
 53585 113.27  39.17   933    0.0
 53588 113.52  38.93  2208    0.0
 53590 114.27  39.75   977    0.0
 53593 114.57  39.83   909    0.0
 53594 114.22  39.45   938    0.0
 53595 113.78  38.72  1368 9999.0
 53596 115.16  38.91    80    0.0
 53599 114.68  39.37   884    0.0
 53601 105.90  38.77  2908    0.0
 53602 105.67  38.83  1561    0.0
 53603 106.37  38.83  1099    0.0
 53609 105.93  38.13  1165 9999.0
 53610 106.34  38.56  1106    0.0
 53611 106.55  38.88  1098    0.0
 53612 106.18  37.99  1127    0.0
 53614 106.21  38.47  1111    0.0
 53615 106.70  38.81  1101    0.0
 53617 106.08  38.03  1125    0.0
 53618 106.26  38.29  1115    0.0
 53619 106.30  38.12  1115    0.0
 53644 108.83  38.60  1307    0.0
 53646 109.78  38.27  1157    0.0
 53651 110.47  38.82  1098    0.0
 53658 110.48  38.03   894    0.0
 53659 111.00  37.97  1163    0.0
 53660 111.08  39.02   894    0.0
 53662 111.57  38.70  1396    0.0
 53663 111.82  38.93  1401    0.0
 53664 111.13  38.47  1012    0.0
 53665 111.63  38.28  1221    0.0
 53666 111.93  38.37  1212    0.0
 53669 111.82  38.07  1150    0.0
 53673 112.72  38.73   828    0.0
 53674 112.70  38.40   869    0.0
 53676 112.98  38.50   759    0.0
 53677 112.48  37.93   806    0.0
 53678 112.65  38.07   897    0.0
 53679 112.54  37.75   776    0.0
 53680 114.38  38.30   108    0.0
 53681 113.37  38.83  1096    0.0
 53682 114.68  38.63   104    0.0
 53685 113.42  38.08   953    0.0
 53687 113.63  37.78   753    0.0
 53688 114.55  38.42   100    0.0
 53689 115.07  38.02    42    0.0
 53690 114.18  38.85   281    0.0
 53691 114.57  38.15    71    0.0
 53692 114.98  38.73    66    0.0
 53693 114.13  38.03   255    0.0
 53694 114.22  38.27   131    0.0
 53695 114.68  38.35    70    0.0
 53696 115.01  38.54    41    0.0
 53697 114.83  38.03    53    0.0
 53698 114.40  38.02    89    0.0
 53699 114.95  38.18    45    0.0
 53704 105.18  37.53  1226    0.0
 53705 105.68  37.48  1181    0.0
 53706 105.65  37.60  1246 9999.0
 53707 105.25  36.94  1697    0.0
 53712 106.54  38.15  1259 9999.0
 53716 106.96  37.46  1552 9999.0
 53723 107.24  37.79  1350    0.0
 53725 107.58  37.58  1360    0.0
 53727 107.11  37.17  1691    0.0
 53730 107.48  38.18  1333    0.0
 53732 108.72  37.85  1209    0.0
 53735 108.80  37.62  1336    0.0
 53738 108.17  36.92  1331    0.0
 53740 109.23  37.93  1111    0.0
 53748 109.70  37.18  1063    0.0
 53750 110.18  37.76   931    0.0
 53751 110.05  37.60   894    0.0
 53753 110.88  37.43   860    0.0
 53754 110.22  37.50   929    0.0
 53756 110.72  37.52   744    0.0
 53757 110.12  37.12   938    0.0
 53759 110.83  37.00  1109    0.0
 53760 111.23  37.88  1212    0.0
 53763 112.17  37.90  1006    0.0
 53764 111.12  37.50   950    0.0
 53767 111.18  37.33  1213    0.0
 53768 111.75  37.15   773    0.0
 53769 111.78  37.25   747    0.0
 53770 112.35  37.35   768    0.0
 53771 112.05  37.42   750    0.0
 53772 112.58  37.62   776    0.0
 53773 114.62  36.33    64    0.0
 53774 112.37  37.58   759    0.0
 53775 112.59  37.42   785    0.0
 53776 112.78  37.70   854    0.0
 53777 112.15  37.52   753    0.0
 53778 112.23  37.17   780    0.0
 53780 113.15  37.91  1066    0.0
 53781 114.47  36.87    67    0.0
 53782 113.62  37.93   767    0.0
 53783 113.72  37.60   940    0.0
 53784 114.78  37.75    38    0.0
 53785 114.67  37.52    35    0.0
 53786 113.33  37.08  1152    0.0
 53787 112.98  37.07  1041    0.0
 53788 113.57  37.33  1265    0.0
 53789 114.63  37.88    52    0.0
 53790 114.61  37.63    44    0.0
 53791 114.50  37.81    68    0.0
 53792 114.48  37.45   113    0.0
 53793 113.95  37.17   490 9999.0
 53794 114.78  37.39    31    0.0
 53795 114.41  37.66   159    0.0
 53796 114.89  37.62    30    0.0
 53797 114.39  37.29   163    0.0
 53798 114.36  37.18   183    0.0
 53799 115.00  37.24    25    0.0
 53801 105.29  36.64  2022 9999.0
 53806 105.64  36.57  1855    0.0
 53810 105.89  36.97  1336    0.0
 53811 106.37  36.82  1545 9999.0
 53814 106.17  36.52  1499 9999.0
 53817 106.27  36.00  1752    0.0
 53818 106.58  36.26  1735 9999.0
 53821 107.30  36.57  1255    0.0
 53829 107.89  35.98  1093    0.0
 53832 108.77  36.81  1297    0.0
 53841 109.32  36.88  1068    0.0
 53845 109.45  36.58  1180    0.0
 53848 109.35  36.27  1005    0.0
 53850 110.18  36.88   804    0.0
 53852 110.63  36.77   916    0.0
 53853 110.95  36.70  1052    0.0
 53854 110.07  36.58   804    0.0
 53856 110.75  36.47   765    0.0
 53857 110.18  36.07   840    0.0
 53859 110.67  36.08   851    0.0
 53860 111.17  36.98  1406    0.0
 53861 111.38  35.90   463    0.0
 53862 111.80  36.85   811    0.0
 53863 111.94  37.06   746    0.0
 53864 111.10  36.40  1030    0.0
 53865 111.56  36.66  1011    0.0
 53866 111.67  36.23   462    0.0
 53868 111.50  36.07   449    0.0
 53869 111.70  36.58   550    0.0
 53871 112.87  36.85  1080    0.0
 53872 112.68  36.77   960    0.0
 53873 112.87  36.10   951    0.0
 53874 111.90  36.25   648    0.0
 53875 112.33  36.52  1000    0.0
 53877 112.25  36.17   860    0.0
 53878 113.37  36.50   780    0.0
 53879 112.88  36.32   952    0.0
 53880 113.23  36.33   947    0.0
 53881 106.48  37.29  1382    0.0
 53882 113.03  36.07  1046    0.0
 53883 114.70  37.13    36    0.0
 53884 113.03  36.50   877    0.0
 53885 113.20  36.12  1122    0.0
 53886 113.67  36.57   470    0.0
 53888 113.43  36.20  1089    0.0
 53889 113.87  36.06   414    0.0
 53890 114.10  36.67   280    0.0
 53891 114.68  37.02    43    0.0
 53892 114.47  36.62    66    0.0
 53893 115.00  36.79    37    0.0
 53894 114.20  36.40   149    0.0
 53895 114.46  36.75   111    0.0
 53896 114.95  36.33    51    0.0
 53897 114.34  36.40    87    0.0
 53898 114.14  36.05   194    0.0
 53899 114.97  36.48    48    0.0
 53902 105.81  35.70  1752 9999.0
 53903 105.71  35.97  1916    0.0
 53906 105.71  35.52  1656    0.0
 53908 105.23  35.21  1769    0.0
 53910 106.20  35.66  2845    0.0
 53913 106.63  35.85  1478    0.0
 53914 106.12  35.62  2078    0.0
 53915 106.66  35.53  1467    0.0
 53916 106.31  35.49  1984    0.0
 53917 106.06  35.22  1631    0.0
 53923 107.63  35.73  1421    0.0
 53924 107.62  35.07   966    0.0
 53925 107.18  35.68  1172    0.0
 53926 107.35  35.34  1028    0.0
 53927 106.62  35.20  1477    0.0
 53928 107.02  35.30  1149    0.0
 53929 107.80  35.20  1206    0.0
 53930 107.99  36.45  1420    0.0
 53931 109.37  36.00   984    0.0
 53934 107.98  35.78  1274    0.0
 53935 108.40  35.49  1481    0.0
 53937 107.89  35.53  1135    0.0
 53938 108.30  35.17  1277    0.0
 53941 109.58  35.18   804    0.0
 53942 109.36  35.79  1087    0.0
 53944 109.25  35.57   863    0.0
 53945 109.07  35.43  1395    0.0
 53946 109.82  35.60  1091    0.0
 53947 109.07  35.08   978    0.0
 53948 109.63  34.89   387    0.0
 53949 109.92  35.18   679    0.0
 53950 110.15  35.23   708    0.0
 53953 110.86  35.95  1290    0.0
 53954 110.97  35.62   433    0.0
 53955 110.46  35.52   461    0.0
 53956 110.85  35.42   588    0.0
 53957 110.72  35.62   459    0.0
 53958 110.78  35.17   435    0.0
 53959 111.07  35.12   375    0.0
 53961 111.49  35.65   472    0.0
 53962 111.70  35.73   584    0.0
 53963 111.37  35.65   433    0.0
 53964 111.21  35.62   430    0.0
 53965 111.57  35.50   761    0.0
 53966 111.83  35.98   817    0.0
 53967 111.20  35.33   468    0.0
 53968 111.67  35.28   505    0.0
 53970 133.99  34.73    31    0.0
 53972 112.90  35.05   117    0.0
 53973 112.95  35.78   837    0.0
 53974 114.23  35.61    70    0.0
 53975 112.42  35.48   659    0.0
 53976 112.87  35.50   752    0.0
 53978 112.63  35.09   140    0.0
 53979 113.08  35.15   120    0.0
 53980 114.80  36.55    50    0.0
 53981 113.27  35.77  1311    0.0
 53982 113.27  35.24   112    0.0
 53983 114.41  35.03    69    0.0
 53984 113.46  35.23    82    0.0
 53985 113.81  35.49   140    0.0
 53986 113.91  35.32    73    0.0
 53987 113.36  35.11    94    0.0
 53988 113.72  35.27    77    0.0
 53989 113.98  35.08    75    0.0
 53990 114.32  35.72    79    0.0
 53991 114.33  35.92    93    0.0
 53992 114.52  35.66    58    0.0
 53993 114.91  35.94    51    0.0
 53994 114.07  35.39    70    0.0
 53995 114.45  35.52    62    0.0
 53996 114.65  36.45    57    0.0
 53997 114.19  35.13    71    0.0
 53998 114.65  35.19    61    0.0
 54001 115.13  44.73  1094 9999.0
 54010 116.27  44.52   914 9999.0
 54012 117.63  44.57  1001    0.0
 54013 118.39  44.74  1037 9999.0
 54024 119.30  44.45   710    0.0
 54026 120.90  44.57   265    0.0
 54027 119.32  43.96   587    0.0
 54031 121.82  44.90   198    0.0
 54039 122.02  44.03   181    0.0
 54041 123.07  44.80   150    0.2
 54047 123.28  44.13   145    0.0
 54049 123.97  44.25   188    0.0
 54063 126.00  44.97   196    0.1
 54064 125.15  44.38   170    0.4
 54065 125.65  44.53   169    0.5
 54069 125.80  44.12   173    0.7
 54072 126.52  44.85   196    0.1
 54076 126.93  44.38   268    0.0
 54080 127.15  44.90   194    0.5
 54084 127.60  44.73   331    0.5
 54092 129.40  44.60   292    0.0
 54093 130.55  44.93   266    0.0
 54094 129.67  44.50   305    0.0
 54096 131.18  44.39   567    0.3
 54098 129.47  44.33   267    0.0
 54099 131.13  44.08   148    0.0
 54102 116.12  43.95  1003    0.0
 54113 118.63  43.53   688    0.0
 54115 118.03  43.63   825    0.0
 54117 117.53  43.25  1003    0.0
 54122 120.03  43.86   428    0.0
 54128 119.59  43.25   438 9999.0
 54132 121.07  42.40   400    0.0
 54134 121.28  43.60   241    0.0
 54135 122.27  43.60   178    0.0
 54142 123.53  43.50   114    0.1
 54154 124.30  43.35   160    0.0
 54155 124.23  43.67   144    0.0
 54156 124.80  43.52   200    0.0
 54157 124.39  43.12   179    0.0
 54161 125.22  43.90   236    0.0
 54164 125.28  43.35   248    0.0
 54165 125.63  43.55   219    0.0
 54169 126.02  43.30   271    0.3
 54171 126.52  43.70   229    0.0
 54172 126.53  43.87   290    0.3
 54175 126.62  43.42   537    0.4
 54181 127.33  43.70   295    0.2
 54186 128.20  43.37   524    0.0
 54187 128.92  43.12   366    0.2
 54192 130.27  43.71   384    0.0
 54195 129.78  43.30   244    0.0
 54201 115.82  42.87  1292 9999.0
 54204 115.03  42.28  1366    0.1
 54205 116.00  42.23  1315    0.0
 54208 116.47  42.19  1245    0.0
 54213 119.02  42.93   634    0.0
 54214 118.42  42.58   960    0.0
 54218 118.83  42.31   668    0.0
 54223 120.65  42.85   362    0.0
 54225 119.94  42.29   579    0.0
 54226 120.70  42.33   400    0.0
 54231 122.37  42.92   256    0.0
 54234 121.75  42.73   297    0.0
 54236 122.55  42.38    79    0.0
 54237 121.75  42.07   167    0.0
 54243 124.09  42.78   165    0.0
 54244 123.35  42.81    87    0.0
 54245 123.40  42.49    97    0.0
 54248 123.53  42.04    61    0.0
 54249 123.86  42.30    85    0.0
 54251 124.47  42.71   155 9999.0
 54252 124.74  42.74   196    0.2
 54254 124.05  42.53    98    0.0
 54259 124.87  42.07   224    0.0
 54260 125.08  42.92   252    0.0
 54261 125.47  42.67   345    0.0
 54263 126.08  42.96   351    0.0
 54266 125.63  42.53   340    0.0
 54267 125.73  42.25   362    0.1
 54273 126.75  42.98   263    0.0
 54274 125.99  42.69   306    0.5
 54279 126.58  42.05   544    0.1
 54284 127.50  42.15   774    1.1
 54285 128.12  42.40   731    0.9
 54286 129.00  42.53   475    0.0
 54288 127.38  42.26   731    1.0
 54290 129.40  42.77   241    0.0
 54291 130.35  42.79    43    0.0
 54292 129.50  42.87   257    0.0
 54293 129.83  42.95   142    0.0
 54301 115.65  41.67  1411    0.0
 54304 115.27  40.95  1239    0.0
 54305 115.27  41.88  1468    0.0
 54308 116.63  41.20   735    0.0
 54311 117.77  41.97   892    0.0
 54313 118.70  41.93   733    0.0
 54316 118.75  41.52   679    0.0
 54318 117.73  41.34   599    0.0
 54319 118.67  41.01   546    0.0
 54320 119.30  41.60   544    0.0
 54321 119.71  41.90   661    0.0
 54323 120.79  41.81   253    0.0
 54324 120.43  41.55   174    0.0
 54325 120.36  41.18   183    0.0
 54326 119.62  41.41   462    0.0
 54327 119.39  41.24   417    0.0
 54328 119.77  41.12   341    0.0
 54330 121.34  41.14    45    0.0
 54331 121.76  41.60   113    0.0
 54332 122.70  41.51    12    0.0
 54333 122.85  41.96    30    0.0
 54334 121.24  41.51    74    0.0
 54335 122.09  41.69    37    0.0
 54336 122.43  41.42     8    0.0
 54337 121.12  41.14    65    0.0
 54338 122.04  41.27     4    0.0
 54339 123.00  41.09    77    0.0
 54340 123.32  41.66    35    0.0
 54342 123.51  41.73    49    0.0
 54345 123.07  41.20    30    0.0
 54346 123.78  41.31   185    0.0
 54347 123.18  41.24    24    0.0
 54348 123.37  41.41    45    0.0
 54349 124.13  41.30   258    0.0
 54351 124.07  41.91   118    0.0
 54353 125.04  41.72   328    0.0
 54362 125.73  41.67   380    0.0
 54363 125.90  41.68   402    0.0
 54365 125.34  41.28   245    0.0
 54371 126.43  41.93   520    0.0
 54374 126.88  41.80   379    1.5
 54377 126.22  41.15   225    0.5
 54386 128.18  41.42   775    0.0
 54398 116.62  40.13    28    0.0
 54399 116.28  39.98    45    0.0
 54401 114.92  40.77   772    0.0
 54404 115.83  40.88   867    0.0
 54405 115.50  40.42   570    0.0
 54406 115.97  40.45   487    0.0
 54408 115.22  40.38   529    0.0
 54410 116.13  40.60  1224    0.0
 54412 116.63  40.73   331    0.0
 54416 116.87  40.38    71    0.0
 54418 117.58  38.56     1 9999.0
 54419 116.63  40.37    75    0.0
 54420 117.33  40.93   529    0.0
 54421 117.12  40.65   293    0.0
 54423 117.92  40.97   422    0.0
 54424 117.12  40.17    32    0.0
 54425 117.47  40.40   633    0.0
 54428 117.45  40.05    32    0.0
 54429 117.95  40.20    54    0.0
 54430 118.21  40.78   330    0.0
 54431 116.75  39.85    19    0.0
 54432 118.47  40.61   369    0.0
 54433 116.50  39.95    35    0.0
 54434 118.33  40.17   131    0.0
 54436 118.95  40.42   254    0.0
 54437 118.62  39.51    18    0.0
 54438 118.88  39.88    65    0.0
 54439 118.71  40.02    50    0.0
 54442 118.98  40.95   482 9999.0
 54449 119.52  39.85     2    0.0
 54452 119.79  40.80   367    0.0
 54453 120.96  40.87    38    0.0
 54454 120.31  40.33    29    0.0
 54455 120.65  40.62    20    0.0
 54464 121.13  40.38    40 9999.0
 54465 121.47  40.63    40 9999.0
 54468 121.35  40.50    40 9999.0
 54470 122.06  41.01     5    0.0
 54471 122.17  40.67     3    0.0
 54472 122.75  40.88    25    0.0
 54474 122.36  40.41    24    0.0
 54475 122.45  40.56    11    0.0
 54476 122.15  40.18    20    0.0
 54479 122.70  40.02   195 9999.0
 54483 123.90  40.87   233    0.1
 54486 123.28  40.34    97    0.0
 54493 124.78  40.72   260    0.0
 54494 124.05  40.47    72    0.0
 54497 124.33  40.03    13    0.0
 54499 116.22  40.22    76    0.0
 54501 115.68  39.97   440    0.0
 54502 116.03  39.48    29    0.0
 54503 115.82  39.07    12    0.0
 54504 115.16  39.42   531 9999.0
 54505 116.15  39.88    85    0.0
 54506 115.95  39.32    24    0.0
 54507 115.52  39.33    49    0.0
 54510 116.95  39.91    18    0.0
 54511 116.47  39.80    31    0.0
 54512 116.28  39.42    21    0.0
 54513 116.21  39.94    63    0.0
 54514 116.25  39.87    55    0.0
 54515 116.70  39.50    13    0.0
 54517 117.21  39.07     2    0.0
 54518 116.39  39.17     8    0.0
 54519 116.48  39.30    12    0.0
 54520 117.08  39.97    18    0.0
 54521 116.99  39.69     9    0.0
 54522 117.74  39.91    17    0.0
 54523 117.06  39.43     8    0.0
 54525 117.28  39.73     5    0.0
 54526 117.34  39.08     1    0.0
 54527 117.05  39.08     3    0.0
 54528 117.14  39.24     3    0.0
 54529 117.85  39.38     3    0.0
 54530 117.77  39.24     1    0.0
 54531 118.72  39.73    43    0.0
 54532 118.08  39.81    31    0.0
 54533 118.09  39.58     8    0.0
 54534 118.10  39.65    23    0.0
 54535 118.47  39.29     3    0.0
 54537 118.49  38.97     4 9999.0
 54538 118.45  39.08     2 9999.0
 54539 118.89  39.43     8    0.0
 54540 119.20  39.73    17    0.0
 54541 119.23  39.90    24    0.0
 54544 119.28  39.57     6 9999.0
 54548 119.36  39.15    60 9999.0
 54552 120.62  39.80    40 9999.0
 54558 120.45  36.10     0 9999.0
 54560 121.05  39.98    40 9999.0
 54563 122.01  39.63   118    0.0
 54565 121.47  39.60    70    0.0
 54568 121.76  39.06    90    0.0
 54569 121.94  39.42    11    0.0
 54575 122.34  39.40    43    0.0
 54579 122.59  39.27    35    0.0
 54584 122.95  39.71    34    0.0
 54590 124.15  39.92     3    0.0
 54594 116.35  39.72    37    0.0
 54596 116.19  39.77    48    0.0
 54597 115.74  39.73   407    0.0
 54601 115.64  38.98    13    0.0
 54602 115.48  38.73    16    0.0
 54603 115.77  38.71    10    0.0
 54604 115.29  38.40    31    0.0
 54605 115.88  38.93     4    0.0
 54606 115.74  38.22    17    0.0
 54607 115.11  38.70    47    0.0
 54608 115.55  38.00    26    0.0
 54609 115.59  38.23    22    0.0
 54610 116.10  38.73     8    0.0
 54611 115.32  38.93    44    0.0
 54612 116.46  38.85     4    0.0
 54613 116.62  38.70     6    0.0
 54614 116.06  38.42    10    0.0
 54615 116.85  38.58     8    0.0
 54616 116.85  38.35     8    0.0
 54617 116.17  38.21    13    0.0
 54618 116.55  38.08    13    0.0
 54619 116.92  38.92     5    0.0
 54620 115.57  38.48    18    0.0
 54621 115.18  38.18    38    0.0
 54622 117.36  38.98     3    0.0
 54623 117.72  39.04     4    0.0
 54624 117.32  38.41     4    0.0
 54626 115.82  38.42    13    0.0
 54627 117.23  38.03     8    0.0
 54628 117.41  38.08     5    0.0
 54629 117.81  38.20     3 9999.0
 54630 117.98  38.94    38 9999.0
 54631 115.15  37.07    32    0.0
 54632 115.03  37.07    34    0.0
 54633 115.27  37.51    26    0.0
 54636 116.12  39.02    10    0.0
 54638 119.23  38.26    40 9999.0
 54639 119.07  38.55    40 9999.0
 54640 114.87  36.89    36    0.0
 54641 118.55  38.85     0 9999.0
 54642 119.20  38.57     0 9999.0
 54644 117.12  38.06    10    0.0
 54645 117.47  38.84     2    0.0
 54646 118.42  38.45    30    0.0
 54647 118.90  39.18     2 9999.0
 54649 119.83  38.08    40 9999.0
 54654 120.15  38.32     0 9999.0
 54655 120.91  38.39   122 9999.0
 54657 120.91  38.39   121 9999.0
 54659 120.94  38.02   190 9999.0
 54660 121.24  38.81    66    0.0
 54662 121.64  38.91    91    0.0
 54663 122.91  38.99     3 9999.0
 54664 121.15  38.74    96 9999.0
 54677 122.16  38.67    59 9999.0
 54700 115.93  38.03    16    0.0
 54701 115.20  37.93    35    0.0
 54702 115.70  37.73    20    0.0
 54703 115.88  37.80    21    0.0
 54704 115.56  37.51    24    0.0
 54705 115.38  37.37    27    0.0
 54706 115.67  37.08    31    0.0
 54707 115.98  37.35    27    0.0
 54708 115.73  37.50    23    0.0
 54709 116.07  37.23    24    0.0
 54710 116.17  37.87    18    0.0
 54711 116.28  37.70    18    0.0
 54712 116.82  37.20    18    0.0
 54713 116.53  37.88    14    0.0
 54714 116.33  37.45    23    0.0
 54715 116.52  37.32    17    0.0
 54716 116.80  37.67    17    0.0
 54717 116.40  37.63    17    0.0
 54718 116.47  37.15    22    0.0
 54719 116.68  38.01    10    0.0
 54720 117.71  38.46     3 9999.0
 54721 117.88  38.34     3 9999.0
 54722 117.63  37.75     6    0.0
 54723 117.57  37.65    10    0.0
 54724 117.13  37.32    14    0.0
 54725 117.53  37.50    11    0.0
 54726 117.18  37.70    11    0.0
 54727 117.52  36.65   263    0.0
 54728 117.35  37.77    10    0.0
 54729 117.87  37.17    11    0.0
 54730 118.13  37.70     6    0.0
 54731 118.22  37.48    11    0.0
 54732 118.52  37.87     5    0.0
 54734 118.00  37.35    12    0.0
 54736 118.67  37.43     6    0.0
 54737 118.15  37.15     9    0.0
 54738 118.37  37.05    14    0.0
 54740 118.79  38.24    57 9999.0
 54741 118.81  38.22    39 9999.0
 54743 119.55  38.12    40 9999.0
 54744 118.55  37.58     8    0.0
 54745 119.59  37.40    40 9999.0
 54749 119.95  37.18    48    0.0
 54751 120.73  37.94    39    0.0
 54752 120.77  37.80    60    0.4
 54753 120.33  37.63     4    0.0
 54754 120.69  37.99    77 9999.0
 54755 120.38  37.33   117    0.0
 54756 120.73  37.92    39 9999.0
 54759 120.85  37.32   205    0.2
 54762 121.43  37.61     0 9999.0
 54764 121.23  37.48    53    0.9
 54765 121.43  37.48    82    2.2
 54766 121.58  37.43    39    2.2
 54772 122.55  37.50     0 9999.0
 54773 122.59  37.41    25 9999.0
 54774 122.13  37.47    65    0.3
 54776 122.70  37.40    47    0.0
 54777 122.07  37.20   118    6.7
 54778 122.48  37.17    61    1.2
 54800 115.25  37.00    33    0.0
 54801 115.48  36.85    35    0.0
 54802 115.73  36.82    34    0.0
 54803 116.02  36.98    27    0.0
 54804 115.18  36.30    45    0.0
 54805 115.47  36.45    39    0.0
 54806 115.97  36.42    33    0.0
 54807 115.77  36.15    41    0.0
 54808 115.63  36.23    37    0.0
 54809 115.28  36.55    41    0.0
 54810 116.27  36.87    27    0.0
 54811 116.62  36.93    20    0.0
 54812 116.72  36.73    24    0.0
 54814 116.25  36.53    29    0.0
 54815 116.27  36.38    31    0.0
 54816 116.80  36.52    98    0.0
 54817 115.86  35.98    42    0.0
 54818 116.42  36.25    79    0.0
 54819 116.80  36.18   113    0.0
 54820 115.21  36.81    39    0.0
 54821 117.20  37.00    20    0.0
 54822 117.73  36.87    47    0.0
 54823 117.01  36.60   170    0.0
 54824 117.95  36.63    95    0.0
 54825 117.85  36.52   189    0.0
 54826 117.10  36.25  1533    0.0
 54827 117.15  36.17   128    0.0
 54828 117.68  36.23   229    0.0
 54829 117.87  36.77    85    0.0
 54830 117.93  36.82    34    0.0
 54831 118.50  36.65   102    0.0
 54832 118.80  36.87    23    0.0
 54833 118.08  36.97    15    0.0
 54834 118.28  36.87    46    0.0
 54835 118.57  36.47   149    0.0
 54836 118.17  36.18   305    0.0
 54837 118.83  36.68    78    0.0
 54841 119.42  36.87    23    0.0
 54842 120.00  36.78    62    0.0
 54843 119.20  36.75    22    0.0
 54844 119.18  36.42    62    0.0
 54846 119.73  36.38    51    0.0
 54848 119.48  35.97   109    0.0
 54849 120.03  36.22    84    0.0
 54851 120.57  36.90    76    0.0
 54852 120.72  36.97    41    0.0
 54853 120.52  36.13    54    0.0
 54855 120.38  36.40    47    0.0
 54857 120.33  36.07    76    0.0
 54859 120.45  36.10     0 9999.0
 54861 121.53  36.93    45    0.2
 54862 119.94  35.41     0 9999.0
 54863 121.18  36.78    40    0.0
 54871 122.48  36.93     9    0.8
 54900 115.03  35.70    53    0.0
 54901 115.17  36.08    47    0.0
 54902 115.14  35.94    49    0.0
 54903 115.48  35.85    46    0.0
 54904 115.52  35.58    50    0.0
 54905 115.93  35.58    46    0.0
 54906 115.53  35.32    50    0.0
 54907 116.65  34.98    34    0.0
 54908 115.10  35.27    57    0.0
 54909 115.52  35.08    51    0.0
 54910 116.05  35.82    40    0.0
 54911 116.40  35.93    44    0.0
 54912 116.50  35.77    41    0.0
 54913 116.82  35.75    62    0.0
 54914 116.08  35.42    40    0.0
 54915 116.60  35.44    33    0.0
 54916 116.85  35.57    51    0.0
 54917 116.33  35.13    35    0.0
 54918 116.97  35.60    62    0.0
 54919 116.98  35.38    88    0.0
 54920 117.29  35.66   110    0.0
 54921 116.33  35.42    38    0.0
 54922 117.75  35.87   206    0.0
 54923 117.93  35.72   202    0.0
 54925 117.68  35.50   161    0.0
 54927 117.20  35.10    74    0.0
 54929 117.97  35.27   121    0.0
 54932 118.65  35.77   186    0.0
 54935 118.43  35.53   119    0.0
 54936 118.83  35.57   107    0.0
 54938 118.42  35.25   124    0.0
 54939 118.82  35.17   113    0.0
 54940 119.20  35.75   148    0.0
 54943 120.00  35.88    10    0.0
 54945 119.55  35.47    64    0.0
 54946 119.59  35.42     0 9999.0
 54953 120.88  35.89    52 9999.0
 55122  80.37  33.71  4465 9999.0
 55125  79.73  33.38  4280    0.0
 55193  92.36  33.90  4605 9999.0
 55195  91.93  33.44  4788 9999.0
 55196  92.07  33.58  4717 9999.0
 55228  80.08  32.50  4278    0.0
 55234  81.14  32.39  4522 9999.0
 55248  84.42  32.15  4414    0.0
 55279  90.02  31.38  4700    0.0
 55294  91.10  32.35  4800    0.0
 55298  92.31  32.12  4648 9999.0
 55299  92.07  31.48  4507    0.0
 55323  80.76  31.18  4419 9999.0
 55325  79.80  31.48  3721 9999.0
 55357  85.16  31.02  4656 9999.0
 55361  87.23  31.79  4581 9999.0
 55364  86.75  31.34  4605 9999.0
 55375  89.01  31.40  4635 9999.0
 55391  91.71  31.99  4662 9999.0
 55398  91.76  31.19  4624 9999.0
 55430  81.42  30.85  4641 9999.0
 55437  81.25  30.28  3900    0.0
 55447  83.47  30.03  4603 9999.0
 55472  88.64  30.96  4672    0.0
 55482  90.17  30.91  4751 9999.0
 55489  90.58  30.17  4467 9999.0
 55491  91.62  30.83  4684 9999.0
 55493  91.10  30.48  4200    0.0
 55497  91.51  30.30  4149 9999.0
 55499  91.21  30.10  4214 9999.0
 55542  84.03  29.68  4571 9999.0
 55554  85.23  29.33  4534 9999.0
 55556  86.03  28.40  4378 9999.0
 55564  86.73  29.42  4596 9999.0
 55568  87.22  29.30  4307 9999.0
 55569  87.60  29.08  4000    0.0
 55572  89.10  29.68  4000    0.2
 55574  88.26  29.43  4023 9999.0
 55576  89.25  29.34  3809 9999.0
 55578  88.88  29.25  3836    0.0
 55579  89.27  29.11  3901 9999.0
 55585  90.17  29.45  3807    0.0
 55586  90.74  29.35  3590 9999.0
 55587  89.84  29.23  3882 9999.0
 55589  90.98  29.30  3555    0.0
 55590  91.26  29.89  3753 9999.0
 55591  91.13  29.67  3648    0.0
 55592  92.35  29.67  4841 9999.0
 55593  91.73  29.85  3804    0.0
 55594  91.00  29.64  3649 9999.0
 55595  91.34  29.68  3697 9999.0
 55597  91.68  29.03  3740    0.0
 55598  91.77  29.27  3560    0.0
 55599  92.02  29.26  3574 9999.0
 55650  85.30  28.85  4114 9999.0
 55652  85.98  27.99  2502 9999.0
 55655  85.97  28.19  3810    0.0
 55656  86.83  28.20  5015 9999.0
 55664  87.08  28.63  4300    0.0
 55665  86.62  28.58  4387 9999.0
 55666  87.77  28.36  4252 9999.0
 55670  88.02  28.90  4329 9999.0
 55675  88.92  27.49  2996 9999.0
 55676  89.68  28.56  4290 9999.0
 55677  88.52  28.28  4601 9999.0
 55680  89.60  28.92  4040    0.0
 55681  90.40  28.97  4431    0.0
 55686  90.84  28.39  3913 9999.0
 55690  91.95  27.98  4280    0.0
 55691  91.35  29.26  3587 9999.0
 55693  92.20  29.06  3953 9999.0
 55694  91.44  28.44  4125 9999.0
 55696  92.47  28.42  3860    0.0
 55773  89.08  27.73  4300    0.0
 55792  91.80  27.87  3024 9999.0
 56001  92.86  34.63  4782 9999.0
 56004  92.43  34.22  4533    0.0
 56012  94.56  34.50  4282 9999.0
 56013  95.21  34.35  4289 9999.0
 56016  95.62  33.85  4179    0.0
 56018  95.28  32.88  4066    0.0
 56021  95.81  34.13  4175    0.0
 56028  96.41  33.28  4202 9999.0
 56029  96.96  33.00  3716    0.0
 56033  98.22  34.92  4272    0.0
 56034  97.13  33.80  4415    0.0
 56038  98.10  32.98  4200    0.0
 56043 100.23  34.48  3719    0.0
 56045  99.90  33.97  4050    0.0
 56046  99.65  33.75  3967    0.0
 56065 101.60  34.73  3500    0.0
 56067 101.48  33.43  3628    0.0
 56071 102.50  34.59  3190    0.0
 56074 102.08  34.00  3471    0.0
 56077 102.22  33.05  3509 9999.0
 56079 102.97  33.58  3441    0.0
 56080 102.90  34.99  2909    0.0
 56081 103.35  34.70  2810    0.0
 56082 103.50  34.59  2592    0.0
 56084 103.23  34.06  2374    0.0
 56091 104.46  34.85  1883    0.0
 56092 104.65  34.99  1728    0.0
 56093 104.02  34.43  2315    0.0
 56094 104.37  33.78  1329    0.0
 56095 104.38  34.03  1753    0.0
 56096 104.92  33.40  1079    0.0
 56097 104.25  33.26  1440    0.0
 56104  92.82  31.80  4247 9999.0
 56106  93.78  31.88  4022    0.0
 56109  93.78  31.48  3940    0.0
 56113  95.27  31.54  3946 9999.0
 56114  94.03  31.93  4174 9999.0
 56116  95.60  31.42  3873    0.0
 56125  96.47  32.20  3643    0.0
 56128  96.60  31.22  3810    0.0
 56133  97.97  32.67  3279 9999.0
 56136  98.23  31.51  3534 9999.0
 56144  98.58  31.80  3184    0.0
 56146 100.00  31.62  3393    0.0
 56147  98.83  31.22  3260    0.0
 56151 100.75  32.93  3530    0.0
 56152 100.33  32.28  3893    0.0
 56158 100.67  31.40  3250    0.0
 56164 100.96  32.27  3292    0.0
 56167 101.12  30.97  3008    0.0
 56168 102.07  31.48  2168    0.0
 56171 101.70  32.90  3275    0.0
 56172 102.23  31.90  2664    0.0
 56173 102.55  32.80  3491    0.0
 56178 102.36  31.00  2438    0.0
 56180 103.85  31.68  1590    0.0
 56181 103.70  30.68   541    0.0
 56182 103.60  32.67  2881    0.0
 56183 103.62  31.50  1370    0.0
 56184 103.17  31.44  1896    0.0
 56185 102.98  32.08  2400    0.0
 56186 104.20  31.33   589    0.0
 56187 103.86  30.75   547    0.0
 56188 103.67  31.00   689    0.0
 56189 103.93  30.98   581    0.0
 56190 104.55  31.55   519    0.0
 56192 104.67  32.95  1014    0.0
 56193 104.52  32.42   893    0.0
 56194 104.45  31.63   597    0.0
 56195 104.73  31.80   543    0.0
 56196 104.73  31.45   522    0.0
 56197 104.17  31.15   535    0.0
 56198 104.50  31.32   525    0.0
 56199 104.71  31.04   459    0.0
 56202  93.28  30.67  4488    0.0
 56207  92.90  30.03  3647 9999.0
 56209  93.90  30.00  3475 9999.0
 56211  94.71  30.93  3680 9999.0
 56219  95.08  30.10  2088 9999.0
 56223  95.79  30.76  3611    0.0
 56227  95.77  29.87  2736    0.0
 56228  96.84  30.05  3454    0.0
 56233  98.28  30.85  3672 9999.0
 56235  97.57  30.66  3178 9999.0
 56237  97.29  30.21  4121 9999.0
 56247  99.10  30.00  2589    0.0
 56251 100.32  30.93  3000    0.0
 56257 100.27  30.00  3948    0.0
 56263 101.88  30.88  1949    0.0
 56267 101.02  30.03  2600    0.0
 56272 103.88  30.82   558    0.0
 56273 102.82  30.39  1022    1.0
 56276 103.82  30.45   467    0.0
 56278 102.78  30.07   818    0.1
 56279 102.94  30.16   744    0.0
 56280 103.12  30.08   691    0.0
 56281 103.49  30.20   578    0.0
 56284 103.44  30.44   518    0.0
 56285 103.47  30.56   544    0.0
 56286 104.26  30.61   505    0.0
 56287 103.00  29.98   627    0.1
 56288 103.92  30.58   494    0.0
 56289 103.87  30.20   437    0.0
 56290 104.18  30.78   514    0.0
 56291 104.31  30.97   468    0.0
 56295 104.55  30.38   448    0.0
 56296 104.43  30.81   493    0.0
 56297 104.14  30.04   435    0.0
 56298 104.60  30.13   417    0.0
 56301  93.25  29.89  3417 9999.0
 56307  92.58  29.15  3260    0.0
 56308  93.07  29.05  3107 9999.0
 56309  93.73  29.13  2983 9999.0
 56312  94.33  29.67  2991    0.0
 56314  94.66  29.61  4553 9999.0
 56315  94.91  29.57  3138 9999.0
 56317  94.22  29.22  2950    0.0
 56319  95.33  29.34   952 9999.0
 56325  96.50  29.48  3744 9999.0
 56326  96.76  29.50  3918 9999.0
 56331  97.83  29.67  3780    0.0
 56342  98.60  29.65  3846    0.0
 56347  98.61  29.03  2638 9999.0
 56357 100.30  29.05  3727    0.0
 56370 102.12  29.65  1594 9999.0
 56373 102.84  29.79   797    0.0
 56374 101.97  30.05  2615    0.0
 56376 102.64  29.34  1098    0.0
 56378 102.35  29.23   890    0.0
 56380 103.36  29.88   571    0.0
 56381 103.49  30.07   630    0.0
 56382 103.55  29.75   475    0.0
 56383 103.87  29.83   455    0.0
 56384 103.59  29.59   423    0.0
 56385 103.34  29.52  3069    0.0
 56386 103.76  29.56   424    0.0
 56387 103.26  29.23   642    0.0
 56388 103.82  29.41   421    0.0
 56389 103.95  29.20   387    0.0
 56390 104.07  29.67   404    0.0
 56391 103.82  30.08   415    0.0
 56393 104.85  29.77   369    0.0
 56394 104.43  29.45   384    0.0
 56395 104.67  29.52   351    0.0
 56396 104.77  29.35   352    0.0
 56399 104.98  29.18   306    0.0
 56426  97.02  28.51  1528 9999.0
 56434  97.47  28.67  2366    0.0
 56441  99.28  28.72  2422    0.0
 56443  99.80  28.93  2842    0.0
 56444  98.91  28.49  3319    0.0
 56449  99.73  28.02  3554    0.0
 56455 100.34  28.45  4008 9999.0
 56459 101.28  27.93  2426    0.0
 56462 101.50  29.00  2925    0.0
 56473 102.77  28.95  1060    0.0
 56474 102.17  28.55  1774    0.0
 56475 102.52  28.65  1659    0.0
 56478 102.43  28.30  1818    0.0
 56479 102.85  28.00  2132    0.0
 56480 103.53  28.82   564    0.0
 56483 103.95  28.58   496    0.0
 56485 103.58  28.27  1255    0.2
 56487 103.13  28.33  1943    0.0
 56489 103.62  28.24   975    0.0
 56490 103.90  28.95   424    0.0
 56491 104.57  28.70   287    0.0
 56492 104.61  28.77   502    0.0
 56493 104.97  28.85   292    0.0
 56494 104.33  28.84   386    0.0
 56496 105.26  28.33   367    0.0
 56497 104.24  28.11   448    0.0
 56498 104.50  28.15   549    0.0
 56499 104.78  28.38   368    0.0
 56533  98.67  27.75  1583    0.0
 56542  99.93  27.90  3622 9999.0
 56543  99.75  27.85  3341    0.0
 56548  99.29  27.18  2326    0.0
 56553 100.82  27.73  2725 9999.0
 56557 100.24  27.17  3526 9999.0
 56565 101.49  27.44  2516    0.0
 56567 100.86  27.26  2367    0.0
 56569 102.18  27.42  1380    0.0
 56571 102.27  27.90  1590    0.0
 56575 102.55  27.37  1530    0.0
 56578 102.75  27.07   993    0.0
 56580 102.80  27.72  2460    0.0
 56582 103.89  27.75  1176    0.0
 56584 103.25  27.70  1093    0.0
 56585 103.56  27.19  1952    0.0
 56586 103.72  27.35  1949    0.0
 56589 103.91  27.07  2203 9999.0
 56592 104.50  28.44   378    0.0
 56593 104.92  28.58   279    0.0
 56594 104.07  27.63  1035    0.0
 56595 104.87  27.41  1645    0.2
 56596 105.05  27.85  1177    0.1
 56598 104.73  27.13  1535    0.0
 56641  98.87  26.90  1189    0.0
 56643  98.85  25.87   949    0.0
 56645  99.41  26.44  2344    0.0
 56646  99.91  26.54  2191    0.0
 56649  99.96  26.11  2059    0.0
 56651 100.22  26.85  2380    0.0
 56652 100.75  26.68  2130    0.0
 56654 100.20  26.59  2195    0.0
 56664 101.27  26.63  1230    0.0
 56665 101.85  26.68  1140    0.0
 56666 101.72  26.58  1224    0.0
 56669 101.66  26.04  1589    0.0
 56670 102.12  26.92  1136    0.0
 56671 102.25  26.65  1787    0.0
 56673 102.93  26.92   893    0.0
 56674 101.75  26.49  1280    0.0
 56675 102.58  26.65  1694    0.0
 56684 103.25  26.40  2188    0.0
 56688 103.17  26.10  1263    0.0
 56691 104.28  26.87  2237    0.0
 56692 104.69  26.86  2835 9999.0
 56693 104.87  26.58  1815    0.2
 56697 104.08  26.22  1984    0.0
 56739  98.51  24.98  1695    0.0
 56742  99.37  25.89  1723    0.0
 56745  99.95  25.68  1626    0.0
 56746  99.53  25.45  1616    0.0
 56748  99.18  25.12  1652    0.0
 56751 100.18  25.71  1977    0.0
 56752 100.57  25.83  1438    0.0
 56755 100.40  25.39  1711    0.0
 56756 100.58  25.49  1992    0.0
 56757 100.29  25.26  1742    0.0
 56761 101.32  25.72  1878    0.0
 56763 101.87  25.73  1120    0.0
 56764 101.23  25.53  1873    0.0
 56766 101.52  25.31  1822    0.0
 56767 101.26  25.21  1905    0.0
 56768 101.55  25.03  1824    0.0
 56772 102.50  25.23  1692    0.0
 56774 102.42  25.50  1799    0.0
 56775 102.45  25.55  1750    0.0
 56777 102.10  25.11  1671    0.0
 56778 102.65  25.00  1888    0.0
 56781 103.27  25.52  1865    0.0
 56782 103.57  25.43  2067    0.0
 56783 103.80  25.50  1906    0.0
 56785 103.08  25.36  1915    0.0
 56786 103.82  25.60  1891    0.0
 56788 103.62  24.98  1857    0.0
 56790 104.25  25.68  1925    0.0
 56791 104.65  25.78  1512 9999.0
 56792 104.97  25.78  1649    0.0
 56793 104.47  25.71  1800    0.0
 56833  98.77  24.83  2188 9999.0
 56835  97.78  24.17   990    0.0
 56836  97.95  24.70   826    0.0
 56838  97.85  24.00   762    0.0
 56839  98.82  23.76  1053    0.0
 56840  98.26  24.80  1124    0.0
 56841  98.69  24.62  1630    0.0
 56842  99.18  24.73  1471    0.0
 56843  99.62  24.83  1650    0.0
 56844  98.58  24.43   913    0.0
 56846  99.93  24.58  1569    0.0
 56849  99.23  24.03  1606    0.0
 56851 100.52  25.04  1377    0.0
 56854 100.13  24.45  1108    0.0
 56856 100.86  24.44  1162    0.0
 56862 101.60  24.68  1968    0.0
 56863 102.50  24.92  1893    0.0
 56867 101.12  23.99  1105    0.0
 56869 101.97  24.07  1497    0.0
 56870 102.18  24.66  1600    0.0
 56871 102.57  24.68  1979    0.0
 56872 102.62  24.96  2358    0.0
 56873 102.92  24.68  1796    0.0
 56875 102.55  24.33  1716    0.0
 56876 102.76  24.29  1731    0.0
 56878 102.75  24.13  1801    0.0
 56879 102.91  24.19  1702    0.0
 56880 103.14  24.89  1639    0.0
 56881 103.26  24.75  1695    0.0
 56882 102.83  24.91  1976    0.0
 56883 103.98  24.82  1900    0.0
 56885 103.45  24.40  1415    0.0
 56886 103.77  24.53  1704    0.0
 56889 104.18  24.04  1518    0.0
 56891 104.32  24.88  1482    0.0
 56898 102.41  24.18  1600    0.0
 56944  99.27  23.15  1278    0.0
 56946  99.40  23.53  1104    0.0
 56948  99.64  22.64  1245    0.0
 56949  99.60  22.31  1079    5.1
 56950  99.80  23.47  1044    0.0
 56951 100.08  23.88  1502    0.0
 56952 100.72  23.50   979    0.0
 56954  99.93  22.57  1054    0.0
 56955 100.01  22.20  1627 9999.0
 56958 100.47  21.96  1222    0.0
 56959 100.78  22.01   582    0.0
 56961 101.05  23.03  1336    0.0
 56962 101.67  23.46  1366    0.0
 56963 101.99  23.94  2494 9999.0
 56964 100.96  22.79  1302    0.0
 56966 101.97  23.63   506    0.0
 56967 100.60  21.95  1630 9999.0
 56969 101.58  21.47   633    0.0
 56970 102.48  23.70  1419    0.0
 56973 102.83  23.62  1309    0.0
 56975 102.43  23.37   974    0.0
 56976 102.82  23.23   312    0.0
 56977 101.86  22.61  1269    0.0
 56978 102.42  23.00  1642    0.0
 56982 103.29  23.70  1117    0.0
 56984 103.15  23.38  1720    0.0
 56985 103.33  23.44  1313    0.0
 56986 103.68  22.98  1414    0.2
 56987 103.23  22.78  1260    0.0
 56989 103.95  22.50   137    0.0
 56991 104.34  23.60  1561    0.0
 56992 104.68  23.44  1507    0.1
 56994 104.28  23.33  1293    0.0
 56995 104.40  23.02  1332    0.2
 56996 104.70  23.13  1093    0.0
 57001 105.33  34.75  1271    0.0
 57002 105.65  34.86  1216    0.0
 57003 106.83  34.90   924    0.0
 57004 104.88  34.73  1495    0.0
 57006 105.74  34.57  1149    0.0
 57007 105.15  34.17  1383    0.0
 57008 105.30  34.03  1579    0.0
 57011 106.15  34.75  1378    0.0
 57012 106.20  34.99  1664    0.0
 57014 105.87  34.57  1085    0.0
 57016 107.13  34.35   612    0.0
 57020 107.40  34.37   563    0.0
 57021 107.13  34.65   751    0.0
 57022 107.78  34.68  1026    0.0
 57023 108.11  35.02   919    0.0
 57024 107.65  34.45   669    0.0
 57025 107.38  34.52   781    0.0
 57026 107.88  34.37   585    0.0
 57027 107.73  34.30   490    0.0
 57028 107.32  34.06  1576    0.0
 57029 108.45  34.49   542    0.0
 57030 108.15  34.70   994    0.0
 57031 108.55  34.82  1012    0.0
 57032 108.21  34.14   436    0.0
 57033 108.82  34.55   428    0.0
 57034 108.24  34.31   471    0.0
 57035 108.23  34.55   636    0.0
 57037 108.97  34.93   723    0.0
 57038 108.45  34.28   410    0.0
 57039 108.88  34.08   445    0.0
 57040 109.07  34.54   385    0.0
 57041 108.92  34.63   424    0.0
 57042 109.18  34.78   470    0.0
 57043 109.97  34.80   351    0.0
 57044 109.23  34.40   424    0.0
 57045 109.49  34.40   640    0.0
 57046 110.08  34.48  2064    0.0
 57047 109.32  34.17   540    0.0
 57048 108.72  34.40   472    0.0
 57049 109.73  34.52   341    0.0
 57051 111.24  34.72   575    0.0
 57052 110.45  34.88   354    0.0
 57053 110.72  34.70   505    0.0
 57054 110.25  34.57   542    0.0
 57055 110.13  34.59   342    0.0
 57056 110.86  34.54   484    0.0
 57057 110.15  34.10   963    0.0
 57060 111.22  35.15   402    0.0
 57061 111.20  34.85   410    0.0
 57063 111.78  34.77   523    0.0
 57065 112.13  34.55   317    0.0
 57066 111.67  34.40   408    0.0
 57067 111.07  34.08   658    0.0
 57070 112.12  34.74   364    0.0
 57071 112.47  34.80   329    0.0
 57072 112.76  34.91   127    0.0
 57074 112.40  34.42   252    0.0
 57075 112.87  34.16   203    0.0
 57076 112.79  34.74   189    0.0
 57077 111.66  33.78   742    0.0
 57078 112.47  34.16   336    0.0
 57079 113.04  34.95   106    0.0
 57080 112.97  34.74   165    0.0
 57081 113.40  34.79   140    0.0
 57082 113.01  34.46   427    0.0
 57083 113.66  34.71   110    0.0
 57084 113.05  34.49  1178    0.0
 57085 113.34  34.54   259    0.0
 57086 113.72  34.38   116    0.0
 57087 113.74  34.27   104    0.0
 57088 113.50  34.19   146    0.0
 57089 113.93  34.07    67    0.0
 57090 113.97  34.71    78    0.0
 57091 114.29  34.80    73    0.0
 57093 114.82  34.84    73    0.0
 57094 114.22  34.40    67    0.0
 57095 114.16  34.11    61    0.0
 57096 114.78  34.54    59    0.0
 57098 114.41  34.08    58    0.0
 57099 114.85  34.07    52    0.0
 57102 105.72  33.75   970    0.0
 57105 105.60  33.33  1221    0.0
 57106 106.15  33.32   794    0.0
 57110 106.07  33.79  1003    0.0
 57111 106.30  33.92   961    0.0
 57113 106.54  33.93   984    0.0
 57119 106.70  33.17   548    0.0
 57123 108.07  34.28   506    0.0
 57124 106.92  33.62  1039    0.0
 57126 107.55  33.22   468    0.0
 57127 107.03  33.07   509    0.0
 57128 107.33  33.17   486    0.0
 57129 107.72  32.98   446    0.0
 57131 108.97  34.43   410    0.0
 57132 108.58  34.13   411    0.0
 57134 107.98  33.52   827    0.0
 57137 108.32  33.32   802    0.0
 57140 109.12  33.67   818    0.0
 57143 109.97  33.85   747    0.0
 57144 109.15  33.43   693    0.0
 57153 110.33  33.70   639    0.0
 57154 110.90  33.53   523    0.0
 57155 109.92  33.53   813    0.0
 57156 111.49  33.31   250    0.0
 57162 112.07  34.14   440    0.0
 57169 111.88  33.15   221    0.0
 57171 113.12  33.77   142    0.0
 57173 112.89  33.76   145    0.0
 57175 112.24  33.08   239    0.0
 57176 112.42  33.48   231    0.0
 57177 113.54  33.34    89    0.0
 57178 112.49  33.10   180    0.0
 57179 112.99  33.27   160    0.0
 57180 113.20  33.98   117    0.0
 57181 113.04  33.87   136    0.0
 57182 113.52  33.85    80    0.0
 57183 113.93  33.80    60    0.0
 57184 113.30  33.63    97    0.0
 57185 113.59  33.46    91    0.0
 57186 114.06  33.60    58    0.0
 57187 112.96  33.03   116    0.0
 57188 114.04  33.37    55    0.0
 57189 113.96  33.15    64    0.0
 57190 114.42  33.74    50    0.0
 57191 114.47  34.51    64    0.0
 57192 114.88  33.71    44    0.0
 57193 114.52  33.78    52    0.0
 57194 114.30  33.27    53    0.0
 57195 114.63  33.61    46    0.0
 57196 114.87  33.41    43    0.0
 57197 114.35  32.96    50    0.0
 57198 114.56  33.49    44    0.0
 57204 105.22  32.57   782    0.0
 57206 105.90  32.42   545    0.3
 57208 105.52  32.28   544    0.0
 57211 106.25  32.83   836    0.0
 57213 106.93  33.00   536    0.0
 57216 106.83  32.35   579    0.0
 57217 106.28  32.23   485    0.0
 57231 108.53  32.53   503    0.0
 57232 108.27  33.05   484    0.0
 57233 108.50  32.90   380    0.0
 57237 108.03  32.07   674    0.0
 57238 107.89  32.52   892    0.0
 57242 109.37  32.85   285    0.0
 57245 109.04  32.69   290    0.0
 57247 108.90  32.32   438    0.0
 57248 109.34  32.40   570    0.0
 57249 109.69  32.32   448    0.0
 57251 110.41  33.00   317    0.0
 57253 110.87  32.84   244    0.0
 57254 110.12  32.82   322    0.0
 57256 110.78  32.65   286    0.0
 57257 110.23  32.23   307    0.0
 57259 110.77  32.03   426    0.0
 57260 111.51  32.55   133    0.0
 57261 111.52  33.12   248    0.0
 57265 111.73  32.43   132    0.0
 57268 111.62  32.27   120    0.0
 57271 112.38  32.52    87    0.0
 57273 112.80  32.73    96    0.0
 57274 111.98  32.70   120    0.0
 57278 112.08  32.00   163    0.0
 57279 112.76  32.14   125    0.0
 57281 113.30  32.68   160    0.0
 57285 113.41  32.38   153    0.0
 57290 113.91  32.94   106    0.0
 57292 114.61  32.90    44    0.0
 57293 114.98  32.74    38    0.0
 57294 113.95  32.80   113    0.0
 57295 114.33  32.62    85    0.0
 57296 114.66  32.34    34    0.0
 57297 114.04  32.14   114    0.0
 57298 114.55  32.22    55    0.0
 57299 114.89  32.01    49    0.0
 57303 105.92  31.73   459    0.1
 57304 105.17  31.67   516    0.0
 57306 105.98  31.58   382    0.2
 57307 105.08  31.10   459    0.0
 57308 105.38  31.22   421    0.0
 57309 105.88  30.98   378    0.0
 57313 106.79  31.89   556    0.3
 57314 106.07  31.34   405    0.0
 57315 106.40  31.52   655    0.0
 57317 106.41  31.03   324    0.0
 57318 106.58  31.06   406    0.0
 57320 107.22  31.93   482    0.0
 57324 107.08  31.58   364    0.0
 57326 107.72  31.37   389    0.0
 57328 107.51  31.21   344    0.0
 57329 107.85  31.10   467    0.0
 57333 108.67  31.95   798    0.0
 57338 108.42  31.18   216    0.0
 57339 108.68  30.95   297    0.0
 57341 109.19  31.85  2556 9999.0
 57343 109.53  31.90   995    0.0
 57345 109.62  31.40   337    0.0
 57348 109.48  31.03   299    0.0
 57349 109.87  31.08   606    0.0
 57355 110.35  31.05   337    0.0
 57358 110.97  30.83   295    0.0
 57359 110.73  31.35   336    0.0
 57361 111.27  31.88   327    0.0
 57362 110.66  31.75   935    0.0
 57363 111.83  31.80   151    0.0
 57368 111.64  31.05   141    0.0
 57370 112.22  31.73    67    0.0
 57377 112.21  30.99   191    0.0
 57378 112.63  31.20   108    0.0
 57381 113.34  31.62   106    0.0
 57385 113.86  31.63   116    0.0
 57386 114.00  31.25    51    0.0
 57387 113.13  31.00    84    0.0
 57388 113.69  31.26    53    0.0
 57389 113.75  31.03    32    0.0
 57390 114.07  31.80   733    0.0
 57395 114.17  31.59   120    0.0
 57396 114.87  31.64   128    0.0
 57398 114.62  31.28    74    0.0
 57399 114.95  31.13    74    0.0
 57401 105.37  30.87   383    0.0
 57402 105.70  30.77   394    0.0
 57403 105.23  30.59   354    0.0
 57405 105.55  30.50   355    0.0
 57407 105.03  30.28   462    0.0
 57408 105.32  30.11   383    0.0
 57409 105.78  30.22   331    0.0
 57411 106.13  30.75   347    0.0
 57413 106.97  30.85   295    0.0
 57414 106.45  30.52   403    0.0
 57415 106.63  30.53   394    0.1
 57416 106.93  30.33   391    0.0
 57417 106.28  30.35   315    0.0
 57419 106.01  30.26   615 9999.0
 57420 107.19  30.75   418    0.0
 57425 107.40  30.32   416    0.0
 57426 107.80  30.68   454    0.0
 57431 108.35  30.83   257    0.0
 57432 108.40  30.77   186    0.0
 57437 108.02  30.30   325    0.0
 57438 108.13  29.98   632    0.0
 57439 108.93  30.28  1074    0.0
 57445 109.72  30.60   609    0.0
 57447 109.47  30.29   454    0.0
 57453 111.42  30.76   188    0.0
 57458 111.07  30.15   243    0.0
 57460 111.78  30.82    91    0.0
 57461 111.36  30.74   256    0.0
 57462 111.08  30.87   139    0.0
 57464 111.18  30.47   177    0.0
 57465 111.43  30.36   120    0.0
 57466 111.75  30.46    66    0.0
 57469 111.77  30.18    69    0.0
 57475 112.90  30.40    31    0.0
 57476 112.15  30.35    31    0.0
 57477 112.22  30.07    38    0.0
 57481 113.58  30.96    30    0.0
 57482 113.95  30.90    25    0.0
 57483 113.13  30.67    31    0.0
 57484 112.55  30.74    57    0.0
 57485 113.48  30.30    24    0.0
 57486 113.85  30.65    25    0.0
 57489 114.01  30.52    23    0.0
 57491 114.40  30.87    31    0.0
 57492 114.84  30.84    40    0.0
 57493 114.33  30.35    73    0.0
 57494 114.05  30.60    23    0.0
 57495 114.88  30.67    28    0.0
 57496 114.62  30.25    35    0.0
 57498 114.94  30.52    26    0.0
 57499 114.88  30.07    40    0.0
 57502 105.69  29.71   541    0.0
 57503 105.12  29.62   349    0.0
 57505 105.58  29.42   338    0.0
 57506 105.90  29.37   353    0.0
 57507 105.30  29.33   385    0.0
 57508 105.37  29.15   301    0.0
 57509 106.92  28.99   599    0.1
 57510 106.07  29.85   326    0.0
 57511 106.45  29.85   240    0.0
 57512 106.27  29.97   364    0.0
 57513 106.63  29.73   464    0.0
 57514 106.22  29.58   331    0.0
 57516 106.47  29.58   259    0.0
 57517 106.25  29.28   261    0.0
 57518 106.50  29.33   506    0.0
 57519 107.12  29.17   698    0.0
 57520 107.07  29.83   377    0.0
 57522 107.27  29.73   372    0.0
 57523 107.73  29.87   290    0.0
 57525 107.75  29.32   406    0.0
 57535 108.72  29.60  1701 9999.0
 57536 108.77  29.52   786    0.0
 57537 108.17  29.30   322    0.0
 57540 109.14  29.68   776    0.0
 57541 109.48  30.00   571    0.0
 57543 110.03  29.88   539    0.0
 57544 109.44  29.46   488    0.0
 57545 109.42  29.53   502    0.0
 57554 110.16  29.40   322    0.0
 57558 110.47  29.13   183    0.0
 57562 111.36  29.58   116    0.0
 57564 111.09  29.43   174    0.0
 57565 111.73  29.67    38    0.0
 57566 111.67  29.47    89    0.0
 57571 112.41  29.66    37    0.0
 57573 112.90  29.88    26    0.0
 57574 112.43  29.35    40    0.0
 57575 112.55  29.52    31    0.0
 57577 112.17  29.41    36    0.0
 57581 113.44  29.81    24    0.0
 57582 113.87  29.72    46    0.0
 57583 113.97  29.92    61    0.0
 57584 113.09  29.38    53    0.0
 57585 113.45  29.48    60    0.0
 57586 114.04  29.54    78    0.1
 57589 113.88  29.27   146    0.0
 57590 114.37  29.85    98    0.0
 57595 114.46  29.61    99    0.8
 57596 114.21  29.63   751    0.4
 57598 114.58  29.03   146    0.0
 57600 105.06  28.71   420    0.0
 57603 105.83  28.82   283    0.0
 57604 105.39  28.79   368    0.0
 57605 105.82  28.03   537    0.0
 57606 106.83  28.13   972    0.0
 57608 105.43  28.17   377    0.0
 57609 105.71  28.56   354    0.1
 57612 106.65  29.00   474    0.0
 57614 106.22  28.33  1180    1.5
 57615 106.44  28.61  1198 9999.0
 57616 106.79  28.57   982 9999.0
 57622 107.19  29.03  2205 9999.0
 57623 107.60  28.88   685    0.0
 57625 107.46  28.54   816    0.0
 57633 108.77  28.82   826    0.0
 57634 107.89  28.52   660    0.0
 57635 109.02  28.37   548    0.0
 57636 108.50  28.56   503    0.0
 57637 108.10  28.25   629    0.0
 57639 108.69  27.91  2255 9999.0
 57640 109.46  28.58   341    0.0
 57642 109.65  28.70   325    0.0
 57643 109.84  29.01   268    0.0
 57646 109.97  28.62   302    0.0
 57647 109.19  28.16   406    0.0
 57649 109.68  28.24   254    0.0
 57655 110.40  28.47   151    0.1
 57657 110.21  28.23   186    0.0
 57658 110.20  28.00   152    0.0
 57661 111.48  28.91    48    0.0
 57662 111.68  29.12   150    0.0
 57663 111.96  28.92    31    0.1
 57666 112.17  28.51   136    0.2
 57669 111.22  28.38   128    0.0
 57671 112.37  28.85    37    0.4
 57673 112.93  28.73    63    0.1
 57674 112.38  28.57    46    0.0
 57678 112.56  28.25    74    3.0
 57679 113.20  28.21   101    6.1
 57680 113.11  28.86    82    0.0
 57682 113.57  28.71   106    2.0
 57687 112.79  28.11   119    2.0
 57688 113.63  28.16   101    4.2
 57694 114.37  28.53   259    2.0
 57696 114.77  28.38    91    0.7
 57698 114.43  28.10   122    2.0
 57699 114.97  28.23    93    0.2
 57707 105.29  27.30  1510    0.2
 57708 105.60  27.13  1721    2.2
 57709 105.88  27.20  1730 9999.0
 57710 106.40  27.80   890    1.7
 57712 106.95  27.73   983    0.3
 57713 106.88  27.70   843    0.7
 57714 106.23  27.47   942    3.6
 57717 106.83  27.53   974    1.1
 57718 106.72  27.10  1112    0.6
 57719 106.91  27.09  1294    0.3
 57720 107.18  27.96   889    0.0
 57722 107.51  27.78   807    0.0
 57723 107.72  27.98   710    0.0
 57728 107.46  27.04  1129    0.5
 57729 107.88  27.23   622    0.0
 57731 108.25  27.95   416    0.0
 57732 108.40  28.01   521    0.0
 57734 108.23  27.57   467    0.0
 57735 108.82  27.18   423    0.0
 57736 108.85  27.72   493    0.0
 57737 108.12  27.03   547    0.0
 57738 108.42  27.05   516    0.0
 57739 108.92  27.24   394    0.0
 57740 109.60  27.95   349    0.0
 57741 109.17  27.71   353    0.0
 57742 109.21  27.52   884    0.0
 57743 109.80  27.87   176    0.0
 57744 109.16  27.37   355    0.0
 57745 109.68  27.45   272    0.0
 57749 110.00  27.57   257    0.0
 57752 110.60  27.92   204    0.1
 57754 109.84  27.21   252    0.0
 57758 110.61  27.03   339    0.6
 57760 111.43  27.70   249    0.0
 57761 111.30  27.75   211    0.0
 57762 111.70  27.69   165    0.0
 57763 112.00  27.69   205    0.2
 57765 110.41  27.33  1420 9999.0
 57766 111.45  27.18   311    0.0
 57767 111.01  27.13   308    0.2
 57768 111.45  27.32   242    0.0
 57769 111.74  27.24   252    0.1
 57771 112.53  27.93    88    3.0
 57772 112.51  27.75    86    0.6
 57773 112.83  27.88    63    1.6
 57774 112.17  27.45   100    0.1
 57776 112.69  27.30  1265    2.3
 57777 112.86  27.24    63    0.6
 57778 112.95  27.09    70    1.1
 57779 113.35  27.06   115    4.5
 57780 113.17  27.87    74    5.1
 57781 113.51  27.64    74    2.5
 57783 113.82  27.88   118    4.4
 57786 113.85  27.63   117    2.3
 57789 113.95  27.13   194    3.3
 57792 114.68  27.82    93    0.0
 57793 114.37  27.78   131    0.3
 57794 114.02  27.63   177    2.8
 57796 114.88  27.83   189    0.0
 57797 114.97  27.11    80 9999.0
 57798 114.60  27.38    85    0.4
 57799 114.92  27.05    71    3.8
 57800 105.37  26.77  1457    0.9
 57803 106.02  27.03  1231    0.5
 57804 105.18  26.15   779 9999.0
 57805 105.77  26.68  1319    0.2
 57806 105.90  26.25  1431    0.0
 57807 105.47  26.21  1361    0.1
 57808 105.74  26.31  1281    0.2
 57809 105.75  26.07  1251    0.1
 57811 106.60  26.83  1296    0.3
 57813 106.47  26.58  1300    0.5
 57814 106.27  26.42  1298    0.6
 57816 106.73  26.58  1223    0.1
 57818 106.44  26.01  1186    0.6
 57819 106.91  25.99  1379 9999.0
 57821 107.50  26.70   925    0.1
 57822 107.90  26.90   825    0.0
 57824 107.23  26.58  1001    0.0
 57825 107.98  26.60   720    0.0
 57827 107.53  26.32   969    0.3
 57828 107.58  26.50   983    0.2
 57829 107.80  26.20   963    0.8
 57830 108.20  26.39  2129 9999.0
 57832 108.67  26.97   626    0.0
 57834 108.30  26.68   641    0.0
 57835 108.43  26.73   527    0.0
 57836 108.56  26.36   653 9999.0
 57837 108.07  26.40   839    0.1
 57839 109.13  26.23   568    0.0
 57840 109.20  26.90   401    0.0
 57841 109.67  26.57   320    0.0
 57842 109.72  26.88   281    0.0
 57844 109.26  26.51   476    0.0
 57845 109.78  26.17   397    0.2
 57846 110.15  26.58   310    1.2
 57851 110.83  26.46   346    3.4
 57853 110.63  26.73   341    1.7
 57857 110.32  26.37   477    1.0
 57859 110.63  26.03   408    0.3
 57860 111.28  27.00   283    0.3
 57865 111.62  26.50   192    0.4
 57866 111.62  26.23   172    0.8
 57867 111.29  26.40   169    0.5
 57868 111.86  26.59   113    0.7
 57870 112.10  26.79   151    0.1
 57871 112.37  26.97    90    0.0
 57872 112.60  26.89   104    1.3
 57874 112.39  26.41   116    2.0
 57875 112.69  26.75   137    1.7
 57876 112.83  26.43   135    1.4
 57881 113.26  26.71   101    1.8
 57882 113.55  26.79   136    0.9
 57883 114.28  26.75   253    7.0
 57886 113.79  26.48   268   10.0
 57887 113.11  26.13   167    5.7
 57889 113.94  26.08   835    7.2
 57891 114.25  26.93   153    4.3
 57894 114.17  26.58   843    7.4
 57895 114.78  26.47   101    6.1
 57896 114.52  26.33   126    8.9
 57899 114.88  26.82   103    4.7
 57900 105.22  25.83  1552    0.3
 57902 105.18  25.43  1378    3.1
 57903 105.60  25.94  1142    0.0
 57905 105.61  25.40  1184    0.0
 57906 106.08  25.18   566    0.7
 57907 104.90  25.08  1299    0.0
 57908 105.48  25.12  1394    0.2
 57909 105.82  24.98   584    0.2
 57910 106.08  25.77  1197    0.0
 57911 106.67  26.68  1323    0.4
 57912 106.63  26.13   990    0.0
 57913 106.98  26.45  1093    0.0
 57914 106.67  26.42  1149    0.2
 57915 106.77  26.63  1104    0.1
 57916 106.77  25.43   440    0.2
 57921 107.34  25.85   821    0.9
 57922 107.54  25.83  1013    0.8
 57923 107.87  25.98   452    1.0
 57926 107.88  25.42   428    0.0
 57927 107.18  24.97   287    0.0
 57932 108.52  25.93   285    0.2
 57936 108.91  25.76   258    0.0
 57941 109.60  25.78   197    0.2
 57942 110.00  25.80   268    0.1
 57947 109.40  25.23   161    0.0
 57948 109.25  25.12   238    0.0
 57949 110.00  24.98   156    1.4
 57954 110.15  25.23   222    0.0
 57955 110.67  25.62   224    0.0
 57956 110.32  25.42   167    0.0
 57957 110.30  25.32   164    0.0
 57958 110.32  25.08   151    1.1
 57960 111.07  25.93   195    0.0
 57962 111.66  26.03   205    0.1
 57964 111.15  25.48   263    1.7
 57965 111.60  25.53   192    0.5
 57966 111.96  25.59   244    0.5
 57969 111.31  25.28   269    0.6
 57971 112.20  25.92   224    0.8
 57972 112.97  25.74   368    7.6
 57973 112.72  25.75   329    6.0
 57974 112.37  25.58   214    6.8
 57975 112.20  25.38   277    0.9
 57976 112.94  25.41   222    0.0
 57978 112.55  25.27   292    0.6
 57981 113.22  25.97   139   11.5
 57985 113.68  25.51   645    0.0
 57988 113.35  25.11   143    0.0
 57989 113.76  25.06   112    0.0
 57990 114.32  25.70   280    0.0
 57991 114.57  25.82   140    0.6
 57992 114.73  25.67   127    0.0
 57993 115.02  25.87   137    0.3
 57994 114.35  25.40   215    0.0
 57995 114.87  25.35   204    0.0
 57996 114.25  25.08   149    0.0
 58001 115.10  34.43    56    0.0
 58002 115.58  34.85    49    0.0
 58003 115.88  34.95    45    0.0
 58004 115.13  34.63    60    0.0
 58005 115.54  34.44    50    0.0
 58006 115.88  34.39    46    0.0
 58007 115.36  34.10    45    0.0
 58008 115.32  34.49    55    0.0
 58011 116.07  34.80    46    0.0
 58012 116.66  34.67    42    0.0
 58013 116.91  34.75    36    0.0
 58015 116.33  34.45    44    0.0
 58016 116.97  34.18    34    0.0
 58017 116.15  34.28    42    0.0
 58020 117.15  34.80    35    0.0
 58021 117.28  34.78    80    0.0
 58022 117.48  34.77    83    0.0
 58024 117.58  34.87    77    0.0
 58025 117.73  34.57    27    0.0
 58026 118.02  34.39    25    0.0
 58027 117.16  34.29    41    0.0
 58030 118.02  34.88    44    0.0
 58032 118.65  34.95    90    0.0
 58034 118.32  34.60    36    0.0
 58035 118.35  34.33    29    0.0
 58036 118.71  34.54    32    0.0
 58038 118.78  34.08    10    0.0
 58040 119.13  34.86     5    0.0
 58041 119.43  34.78    26    0.0
 58044 119.23  34.55     4    0.0
 58045 119.60  34.20     4    0.0
 58047 119.24  34.26     4    0.0
 58048 119.35  34.12     4    0.0
 58049 119.80  34.02     4    0.0
 58100 115.14  33.63    42    0.0
 58101 115.49  33.88    41    0.0
 58102 115.73  33.78    39    0.0
 58104 115.05  33.40    41    0.0
 58107 115.26  32.91    36    0.0
 58108 115.37  33.33    38    0.0
 58109 115.65  33.13    31    0.0
 58111 116.42  33.86    32    0.0
 58112 116.45  30.73   968    0.0
 58113 116.70  33.95    32    0.0
 58114 116.18  33.48    31    0.0
 58116 116.87  34.03    32    0.0
 58117 116.20  33.13    27    0.0
 58118 116.52  33.27    26    0.0
 58122 117.08  33.64    25    0.0
 58125 117.52  33.58    22    0.0
 58126 117.91  33.47    18    0.0
 58127 117.07  32.98    24    0.0
 58128 117.35  33.33    21    0.0
 58129 117.83  33.15    14    0.0
 58130 117.96  33.94    23    0.0
 58131 118.22  33.97    25    0.0
 58132 118.68  33.72    14    0.0
 58135 118.22  33.48    16    0.0
 58138 118.51  32.95    43    0.0
 58139 118.91  33.31    10    0.1
 58140 119.30  33.77     9    0.0
 58141 118.93  33.64    12    0.0
 58143 119.85  33.80     4    0.0
 58145 119.15  33.50     7    0.0
 58146 119.77  33.47     3    0.0
 58147 118.97  32.98    24    0.0
 58148 119.34  33.27     3    0.0
 58150 120.30  33.75     1    0.0
 58154 120.10  33.32     4    0.0
 58158 120.46  33.17     3    0.0
 58160 121.01  33.92     0 9999.0
 58202 115.57  32.67    31    0.0
 58203 115.73  32.87    32    0.0
 58205 115.42  32.47    34    0.0
 58207 115.05  32.16    42    0.0
 58208 115.62  32.17    42    0.0
 58210 116.23  32.65    25    0.0
 58212 116.77  32.72    23    0.0
 58214 116.30  32.37    27    0.0
 58215 116.78  32.43    25    0.0
 58220 117.16  32.42    45    0.0
 58221 117.30  32.85    26    0.0
 58222 117.55  32.85    24    0.0
 58223 117.98  32.80    31    0.0
 58224 117.05  32.61    71    0.0
 58225 117.67  32.53    69    0.0
 58230 118.28  32.12    26    0.0
 58234 118.42  32.46    40    0.0
 58235 118.85  32.37    10    0.0
 58236 118.25  32.35    33    0.0
 58237 118.59  32.07    46    0.0
 58238 118.90  31.93    35    0.0
 58240 119.00  32.74    10    0.0
 58241 119.45  32.79     5    0.0
 58242 119.16  32.30    22    0.0
 58243 119.82  32.95     3    0.0
 58244 119.59  32.45     5    0.0
 58245 119.42  32.41     9    0.0
 58246 119.99  32.56     2    0.0
 58247 119.80  32.27     3    0.0
 58249 120.05  32.16     6    0.0
 58250 120.16  32.51     6    0.0
 58251 120.28  32.85     3    0.0
 58252 119.47  32.18    27    0.0
 58254 120.45  32.52     5    0.0
 58255 120.61  32.38     8    0.0
 58257 120.30  31.98     9    0.0
 58259 120.98  32.08     4    0.0
 58264 121.22  32.34     5    0.0
 58265 121.54  32.10     3    0.0
 58268 121.08  32.10     4    0.0
 58269 121.65  31.78     3    0.0
 58301 115.39  31.82    92    0.0
 58306 115.88  31.68    95    0.0
 58311 116.50  31.73    74    0.0
 58314 116.32  31.40    86    0.0
 58316 116.92  31.47    23    0.0
 58317 116.37  30.87   434    0.0
 58319 116.95  31.07    85    0.0
 58320 117.03  31.61    28    0.0
 58321 117.06  31.96    49    0.0
 58323 117.46  31.86    18    0.0
 58326 117.83  31.58    30    0.0
 58327 117.28  31.27    45    0.0
 58329 117.87  31.33     9    0.0
 58330 118.08  31.75    26    0.0
 58331 118.37  31.73    22    0.0
 58334 118.42  31.38    10    0.0
 58335 118.57  31.55    60    0.0
 58336 118.57  31.70    80    0.0
 58337 118.22  31.06    60    0.0
 58338 118.60  31.12    40    0.0
 58339 118.90  31.33    16    0.0
 58340 119.06  31.60    30    0.0
 58341 119.59  31.98     6    0.0
 58342 119.54  31.71     5    0.0
 58343 119.98  31.87     4    0.0
 58344 119.20  31.96    36    0.0
 58345 119.50  31.43     5    0.0
 58346 119.81  31.34    16    0.0
 58349 120.56  31.41     8    0.0
 58351 120.30  31.90     4    0.0
 58352 120.77  31.65     4    0.0
 58353 120.57  31.86    11    0.0
 58354 120.35  31.62     3    0.0
 58356 121.00  31.40     3    0.0
 58358 120.43  31.08    16    0.0
 58359 120.62  31.13     4    0.0
 58360 121.20  31.92     3    0.1
 58361 121.37  31.10     5    0.0
 58362 121.45  31.40     5    0.0
 58365 121.20  31.38     6    0.0
 58366 121.49  31.67     4    0.2
 58367 121.43  31.20     4    0.0
 58369 121.78  31.05     5    0.0
 58370 121.53  31.23     4    0.0
 58377 121.11  31.51     5    0.0
 58401 115.40  30.75   123    0.0
 58402 115.67  30.73   123    0.0
 58404 115.22  30.47    61    0.0
 58407 115.03  30.23    32    0.0
 58408 115.47  30.24    71    0.0
 58409 115.93  30.10    32    0.0
 58414 116.32  30.43   105    0.0
 58415 116.55  30.67    64    0.0
 58416 116.82  30.75    35    0.0
 58417 116.13  30.17    54    0.1
 58418 116.67  30.13    60    0.0
 58419 117.00  30.23   115    0.0
 58420 117.23  30.72    58    0.0
 58421 117.86  30.61    77    0.1
 58423 117.78  30.48   647    0.9
 58424 116.97  30.62    62    0.0
 58426 118.13  30.30   193    0.0
 58427 117.50  30.65    15    0.0
 58428 117.50  30.22   118    0.1
 58429 117.85  30.98    11    0.0
 58431 118.32  30.90    39    0.0
 58432 118.40  30.68    57    0.2
 58433 118.75  30.93    31    0.0
 58435 118.53  30.30   220    0.0
 58436 118.98  30.62    87    0.0
 58437 118.15  30.13  1840    0.0
 58438 118.58  30.08   191    0.0
 58441 119.42  30.87    43    0.0
 58442 119.18  31.17    16    0.1
 58443 119.89  31.02    25    0.0
 58444 120.28  30.42   101    0.1
 58446 119.70  30.63    72    0.0
 58448 119.70  30.22   117    0.0
 58449 119.95  30.05    46    0.0
 58450 120.05  30.87     7    0.0
 58451 120.93  30.83     2    0.0
 58452 120.77  30.73     4    0.0
 58453 120.50  30.07     7    0.0
 58454 119.98  30.53   102    0.0
 58455 120.48  30.47     5    0.0
 58456 120.52  30.63     6    0.0
 58457 120.17  30.23    41    0.4
 58458 120.90  30.53     4    0.0
 58459 120.28  30.18    96    0.8
 58460 121.27  30.82     5    0.0
 58461 121.12  31.13     4    0.0
 58462 121.18  31.02     8    0.0
 58463 121.50  30.88     4    0.0
 58464 121.12  30.65     4    0.0
 58466 122.08  30.60    29 9999.0
 58467 121.30  30.20     5    0.0
 58468 121.13  30.02    38    0.0
 58469 121.92  30.33    31 9999.0
 58471 122.42  30.62    97 9999.0
 58472 122.45  30.73    79    0.0
 58473 122.81  30.73   124 9999.0
 58474 122.05  30.63    54    0.0
 58476 122.18  30.34    62 9999.0
 58477 122.10  30.03    35    0.0
 58478 122.08  30.24    17 9999.0
 58484 122.20  30.25    37    0.0
 58487 122.69  30.19    81 9999.0
 58500 115.22  29.90    57    0.0
 58501 115.63  29.92    23    0.0
 58502 116.02  29.67    74    0.0
 58503 115.67  29.70    41    0.0
 58505 115.90  29.62    63    0.0
 58506 115.98  29.57  1164    0.0
 58507 115.12  29.25   116    0.0
 58508 115.75  29.33    41    0.0
 58509 115.82  29.05    36    0.0
 58510 116.22  29.68    35    0.0
 58512 116.53  29.88    99    0.0
 58514 116.03  29.45    37    0.0
 58517 116.18  29.25    77    0.0
 58519 116.67  29.00    40    0.0
 58520 117.72  29.85   142    0.0
 58523 117.93  29.93   227    0.0
 58524 117.22  29.37    87    0.0
 58527 117.20  29.30    61    0.0
 58529 117.85  29.28   171    0.0
 58530 118.43  29.87   168    0.0
 58531 118.28  29.72   142    0.0
 58534 118.18  29.79   170    0.0
 58537 118.40  29.13   153    0.0
 58542 119.68  29.82    46    0.0
 58543 119.02  29.62   171    0.2
 58544 119.27  29.48    88    0.0
 58546 119.88  29.47   115    0.3
 58547 119.19  29.04    66    0.0
 58548 119.48  29.22    50    0.2
 58549 119.65  29.12    62    0.0
 58550 120.25  29.70    39    0.4
 58553 120.82  30.05     6    0.0
 58555 120.88  29.52   115    0.0
 58556 120.82  29.60   104    0.1
 58557 120.08  29.33    90    0.0
 58558 120.22  29.27    89    0.0
 58559 120.97  29.15   107    0.5
 58560 120.43  29.05   304    0.4
 58561 121.60  29.98     4    0.0
 58562 121.50  29.80     6    0.0
 58563 121.83  29.88     5    0.0
 58565 121.38  29.70    41    0.3
 58566 121.92  29.38     4    0.0
 58567 121.43  29.32    39    0.3
 58568 121.38  29.12    34    0.0
 58569 121.95  29.20   128    0.0
 58570 122.30  29.95    85    0.0
 58571 122.26  29.87   114 9999.0
 58572 122.45  29.94    35 9999.0
 58600 115.37  28.85    78    0.0
 58601 115.35  28.72    80    0.0
 58602 115.55  28.85    40    0.0
 58604 115.83  29.22    11    0.0
 58605 115.38  28.42    46    0.0
 58606 115.90  28.58    47    0.0
 58607 115.97  28.57    31    0.0
 58608 115.55  27.98    66    0.0
 58609 115.82  28.23    27    0.1
 58612 116.68  28.68    21    0.0
 58614 116.28  28.40    67    0.0
 58615 117.07  28.68    56    0.0
 58616 116.82  28.20    47    1.7
 58618 116.60  28.27    82    0.0
 58619 116.27  27.90    73    0.0
 58620 117.10  29.02    51    0.0
 58622 117.58  28.95    88    0.0
 58623 117.90  28.47   121    0.2
 58624 117.45  28.38    70    3.0
 58625 117.60  28.42    79    1.6
 58626 117.23  28.32    60    1.8
 58627 117.05  28.32    55    0.3
 58629 117.70  28.28   100    4.4
 58631 118.50  28.90   137    0.0
 58632 118.60  28.72   126    0.4
 58633 118.90  29.00    82    0.0
 58634 118.25  28.68   116    0.0
 58635 118.20  28.45   150    0.0
 58637 117.98  28.45   118    0.2
 58639 118.02  28.85   237    0.0
 58642 119.80  28.88   105    0.3
 58643 120.03  28.90   102    0.3
 58644 119.28  28.60   237    0.6
 58645 119.48  28.43   152    2.1
 58646 119.93  28.47    59    1.0
 58647 119.13  28.08   222    5.8
 58648 119.63  28.00   246   10.3
 58652 120.72  28.87    83    0.3
 58654 120.08  28.67   184    0.7
 58656 120.97  28.07    60    1.8
 58657 120.28  28.13    57    4.2
 58658 120.68  28.15    34    2.7
 58659 120.65  28.03    28    1.2
 58660 121.20  28.87     6    0.0
 58662 121.71  29.01    60 9999.0
 58664 121.37  28.37    35    1.6
 58665 121.42  28.62     4    1.4
 58666 121.90  28.45    86    0.2
 58667 121.27  28.08    95    1.8
 58669 121.62  28.27    75 9999.0
 58693 115.83  28.72    40    0.0
 58701 115.40  27.75    46    0.0
 58704 115.35  27.58   104    0.0
 58705 115.42  27.33    85    2.8
 58706 115.83  27.42   181    1.6
 58707 115.13  27.22    66    3.1
 58710 116.05  27.77    78    0.7
 58712 116.78  27.92   130    1.1
 58713 117.07  27.72   225    2.8
 58714 116.23  27.55   120    1.6
 58715 116.65  27.58    80    1.9
 58718 116.53  27.22   111   11.8
 58719 116.92  27.30   131   11.1
 58724 117.32  27.53   268    5.3
 58725 117.47  27.33   218   14.0
 58726 117.84  27.96  1400 9999.0
 58730 118.03  27.77   222    4.1
 58731 118.53  27.92   276    5.4
 58734 118.12  27.33   196    8.5
 58735 118.75  27.52   260    8.7
 58736 118.82  27.38   262   12.8
 58737 118.32  27.05   154   10.7
 58742 119.57  28.10   163    4.6
 58744 119.42  27.45   815    7.3
 58745 119.08  27.62   400    7.2
 58746 119.70  27.55   538    6.9
 58747 119.35  27.15   899   12.2
 58748 119.65  27.10    50   10.3
 58749 119.88  27.23   684    7.6
 58750 120.08  27.78   105    4.8
 58751 120.57  27.67   254    1.8
 58752 120.65  27.79    37    1.0
 58753 120.77  27.80     6 9999.0
 58754 120.20  27.33    36    3.0
 58755 120.39  27.50   118    3.8
 58758 120.48  27.17    44 9999.0
 58760 121.15  27.83    68    0.5
 58761 121.23  28.00    82 9999.0
 58762 121.08  27.78    35 9999.0
 58763 121.10  28.18    32 9999.0
 58764 121.09  27.46    70 9999.0
 58765 121.20  27.63    41 9999.0
 58767 120.99  27.00     0 9999.0
 58804 115.35  26.28   184    3.2
 58806 116.02  26.48   209    6.3
 58813 116.30  26.83   166   13.9
 58814 116.35  26.35   280    1.6
 58818 116.63  26.23   358    1.7
 58819 116.82  26.18   336    1.2
 58820 117.17  26.90   342   10.5
 58821 117.47  26.73   173    9.9
 58822 116.85  26.83   342   13.7
 58823 117.80  26.80   175   10.8
 58824 117.15  26.40   357    3.1
 58826 117.80  26.40   120    3.0
 58828 117.62  26.27   208    0.7
 58834 118.17  26.63   152    7.9
 58836 118.73  26.58   361    3.1
 58837 118.15  26.15   204    1.1
 58839 118.85  26.23    40    0.5
 58843 120.02  26.88    56    2.1
 58844 119.15  26.15    57    0.4
 58845 119.55  26.50    78    0.9
 58846 119.52  26.67    32    2.4
 58847 119.28  26.08    84    0.2
 58848 119.55  26.20    13    3.3
 58850 120.23  26.92    92    1.6
 58854 119.84  26.53    65 9999.0
 58855 119.95  26.38    41 9999.0
 58857 119.63  26.16    59 9999.0
 58858 119.82  26.29    24 9999.0
 58900 114.95  25.86   123 9999.0
 58903 116.03  25.92   210    0.0
 58905 115.42  25.97   133    0.0
 58906 115.80  25.60   167    0.0
 58907 115.40  25.15   305    0.0
 58911 116.37  25.85   310    0.0
 58912 116.73  25.72   404    0.0
 58917 116.10  25.08   307    0.0
 58918 116.42  25.05   198    0.0
 58921 117.35  25.97   206    0.0
 58923 117.83  25.70   400    0.2
 58925 119.13  25.07    58 9999.0
 58926 117.42  25.30   205    0.0
 58927 117.02  25.05   376    1.5
 58928 117.53  25.02   166    0.9
 58929 118.20  25.07   130    1.7
 58931 118.10  25.72  1653    0.5
 58932 118.93  25.87    85    0.0
 58933 118.98  26.92   869    8.0
 58934 118.27  25.33   183    1.9
 58935 118.23  25.52   645    6.8
 58936 118.70  25.37    77    2.3
 58938 118.98  25.23    23    2.9
 58940 119.33  26.08    25    0.5
 58941 119.50  25.97    25    0.6
 58942 119.38  25.67    75    0.0
 58944 119.78  25.52    32    2.7
 58946 119.00  25.45    81    3.7
 58949 119.54  25.50     7 9999.0
 58951 120.30  25.49     0 9999.0
 58955 119.81  25.53    23 9999.0
 58957 119.04  25.08    80 9999.0
 58958 119.47  25.25    33 9999.0
 58959 119.52  25.21    31 9999.0
 58968 121.52  25.03     7 9999.0
 58974 122.07  25.63   104 9999.0
 59001 105.33  24.78   672    0.0
 59004 105.08  24.50   827    0.1
 59007 105.05  24.05  1249    0.0
 59011 106.48  24.82  1282 9999.0
 59012 106.55  24.78   972    1.0
 59015 106.53  24.38   544    0.0
 59017 106.27  24.27   278    0.0
 59021 107.03  24.55   509    0.0
 59022 107.55  24.98   749    0.0
 59023 108.03  24.70   260    0.0
 59025 107.38  24.53   248    0.0
 59027 107.25  24.13   254    0.0
 59031 108.27  24.82   342    0.0
 59033 108.87  24.78   363    0.0
 59034 108.65  24.48   185    0.0
 59037 108.10  23.93   170    0.5
 59038 108.65  24.02   147    0.1
 59041 109.25  24.65   218    2.2
 59044 109.38  24.47    97    0.0
 59045 109.78  24.50   131    0.2
 59046 109.47  24.37   306    0.3
 59047 109.28  24.23   133    0.5
 59051 110.50  24.77   136    0.0
 59052 110.82  24.83   169    0.0
 59053 110.63  24.65   157    0.0
 59055 110.40  24.50   165    0.0
 59057 110.18  24.13   830    0.1
 59058 110.52  24.20   181    0.0
 59059 110.80  24.18   105    0.0
 59061 111.27  24.82   193    0.1
 59063 111.57  25.18   265    1.0
 59064 111.30  24.50   168    0.0
 59065 111.50  24.42   148    0.0
 59071 112.28  24.73   174    0.0
 59072 112.37  24.81   131    0.0
 59074 112.07  24.57   300    0.0
 59075 112.63  24.47    70    0.0
 59081 113.29  24.78   131    0.0
 59082 113.60  24.67   121    0.0
 59087 113.52  23.88    97    0.0
 59088 113.41  24.19    74    0.0
 59090 114.05  24.96   143    0.0
 59091 114.52  24.75   277    0.0
 59092 114.80  24.87   250    0.0
 59093 115.03  24.78   253    0.0
 59094 114.11  24.35   184    0.0
 59096 114.50  24.39   283    0.0
 59097 114.19  24.06   199    0.0
 59099 114.93  24.45   173    0.0
 59102 115.65  24.95   303    0.0
 59106 115.87  24.56   200    0.0
 59107 115.28  24.11   179    0.0
 59109 115.72  24.17   123    0.1
 59113 116.72  24.73   226    0.0
 59114 116.17  24.65   135    0.0
 59116 116.70  24.34    80    6.1
 59117 116.07  24.28   116    0.0
 59122 117.75  24.62    43    4.1
 59124 117.38  24.52    53    3.5
 59125 117.30  24.38   108    3.5
 59126 117.65  24.50    28    4.5
 59127 117.83  24.43    32    6.3
 59129 117.59  24.13    61    4.8
 59130 118.15  24.73    30    6.1
 59131 118.37  24.97   172    4.6
 59133 118.92  24.90    21    1.2
 59134 118.07  24.48   139    4.0
 59136 118.77  24.83    56 9999.0
 59137 118.55  24.80   135    3.8
 59138 118.46  24.57    15 9999.0
 59158 120.68  24.15    85 9999.0
 59205 105.63  23.63   685    0.0
 59209 105.82  23.42   855    0.0
 59211 106.60  23.90   174    0.0
 59213 106.95  23.75   133    0.0
 59215 106.63  23.33   680    0.0
 59218 106.45  23.10   724    0.0
 59224 107.12  23.60   111    0.0
 59227 107.13  23.12   454    0.0
 59228 107.57  23.28   146    0.0
 59229 107.70  23.17   125    0.0
 59230 108.12  23.72   219    0.0
 59235 108.62  23.43   115    0.0
 59237 108.30  23.18   155    0.0
 59238 108.83  23.25   127    0.0
 59241 109.70  23.98   124    0.0
 59242 109.15  23.77    96    0.0
 59246 109.67  23.60    70    0.0
 59249 109.57  23.05    57    0.0
 59254 110.03  23.33   130    0.0
 59255 110.42  23.55    83    0.0
 59256 110.90  23.37   105    0.0
 59264 111.50  23.39    83    0.0
 59265 111.30  23.48   114    0.0
 59266 111.25  23.38    77    0.0
 59268 111.54  23.26    70    0.0
 59269 111.78  23.17    47    0.0
 59270 112.19  23.94   107    0.0
 59271 112.42  23.64    92    0.0
 59276 112.64  23.34    40    0.0
 59278 112.48  22.99    60    0.0
 59279 112.88  23.20    24    0.0
 59280 113.08  23.71    79    0.0
 59284 113.24  23.42    38    0.0
 59285 113.62  23.57    38    0.0
 59287 113.48  23.21    70    0.0
 59288 113.01  23.15    30    0.0
 59289 113.74  22.97    56    0.4
 59290 114.25  23.78    85    0.0
 59293 114.73  23.79    71    0.0
 59294 113.83  23.34    30    0.0
 59297 114.26  23.18    50    0.0
 59298 114.37  23.07   108    0.0
 59303 115.75  23.91   135    0.1
 59304 115.18  23.63   176    0.2
 59306 115.85  23.45    80   16.8
 59310 116.17  23.77    45   21.8
 59312 116.70  23.67    60    5.3
 59313 116.99  23.68    44    1.7
 59314 116.13  23.29    28   11.7
 59315 116.40  23.59    43    8.2
 59316 116.68  23.39     2    1.1
 59317 116.30  22.98    42    1.7
 59318 116.59  23.26     6    2.0
 59319 116.84  23.43     4    0.4
 59320 117.14  23.75    37    0.9
 59321 117.50  23.78    53    3.4
 59322 117.37  23.98    22    1.3
 59324 117.03  23.43     8    0.2
 59330 118.02  24.21    13 9999.0
 59334 118.20  23.63     0 9999.0
 59358 120.22  23.00  9999    0.0
 59417 106.85  22.33   128    0.0
 59419 106.73  22.07   348    0.0
 59421 107.17  22.87   278    0.0
 59425 107.38  22.38   195    0.0
 59426 107.92  22.62   146    0.0
 59427 107.03  22.12   168    0.0
 59429 108.02  22.18   216    0.0
 59431 108.55  22.78   152    0.0
 59435 108.45  22.68   106    0.0
 59441 109.25  22.80    88    0.0
 59446 109.30  22.42    66    0.0
 59448 109.55  22.27    69    0.0
 59449 109.98  22.30    85    3.5
 59451 110.38  22.67   155    0.0
 59452 110.53  22.83   131    0.1
 59453 110.12  22.67   121    0.0
 59454 111.00  22.95   202    0.0
 59456 110.93  22.35   141    0.0
 59457 110.27  22.32   121    0.0
 59462 111.60  22.71    60    0.0
 59469 111.78  22.17    37    0.0
 59470 112.21  22.70    57    0.0
 59471 112.05  22.94   101    0.0
 59473 112.98  22.74    47    0.0
 59475 112.65  22.40    29    0.0
 59476 113.03  22.53    36    0.3
 59477 112.23  22.27    69    0.0
 59478 112.79  22.25    33    0.2
 59480 113.24  22.85    21    0.0
 59481 113.32  22.94    12    0.0
 59485 113.40  22.50    33    0.0
 59487 113.30  22.23    23    0.0
 59488 113.57  22.27    51    0.0
 59492 114.67  23.03    85    0.2
 59493 114.00  22.54    63    0.0
 59500 115.31  23.02    45    6.6
 59501 115.37  22.80    16    1.2
 59502 115.65  22.97    32    1.0
 59544 119.00  22.60     0 9999.0
 59559 120.75  22.00  9999    0.0
 59562 121.15  22.75  9999 9999.0
 59567 121.55  22.03  9999 9999.0
 59626 107.95  21.57    56    0.0
 59631 108.35  21.78    32    0.0
 59632 108.60  21.98    49    0.0
 59635 108.35  21.62    31    0.2
 59639 108.47  21.57    19 9999.0
 59640 109.18  21.67     5    0.0
 59644 109.13  21.45    12    0.0
 59647 109.10  21.03    55    0.0
 59650 110.24  21.40    29    0.0
 59653 110.86  21.94    77    0.0
 59654 110.30  21.63    29    0.2
 59655 110.61  21.65    31    1.2
 59656 110.81  21.41    27    1.4
 59658 110.30  21.15    53    0.0
 59659 110.91  21.75    33    0.5
 59663 111.98  21.85    90    0.0
 59664 110.99  21.55    31    0.1
 59673 112.77  21.74    21    0.0
 59750 110.07  20.96    33    0.0
 59754 110.17  20.24    11    0.5
 59757 110.37  20.00     9   26.1
 59758 110.25  20.00    63    8.4
 59792 116.72  20.67     6 9999.0
 59838 108.62  19.10     7    0.0
 59842 109.68  19.90    31    2.9
 59843 110.02  19.74    31   17.7
 59845 109.58  19.52   169    3.3
 59847 109.05  19.27    98    0.0
 59848 109.43  19.23   215    1.8
 59849 109.83  19.03   250   10.5
 59851 110.34  19.67    53   23.1
 59854 110.10  19.37   118   27.4
 59855 110.48  19.21    23   71.7
 59856 110.75  19.62    21    5.6
 59940 109.16  18.75   155    0.7
 59941 109.52  18.77   328    1.9
 59945 109.70  18.65    68    1.2
 59948 109.59  18.22   419    4.6
 59951 110.33  18.80    39   65.8
 59954 110.03  18.55    35   10.7
 59981 112.33  16.83     4    0.0
 59985 111.62  16.53     4    0.0
 59993 114.22  10.21     5    0.4
 59994 114.29   9.71     5    0.4
 59996 114.50   9.91     5    0.0
 59997 114.37  10.38  9999 9999.0
