,lon,lat,dh,dat
811716,114.1683,30.5061,3,-1.2027359
655703,121.3,31.19,3,-1.9375
811716,114.1683,30.5061,6,-1.1076962
655703,121.3,31.19,6,-1.9500008
811716,114.1683,30.5061,9,-1.2451494
655703,121.3,31.19,9,-2.1375008
811716,114.1683,30.5061,12,-1.5701178
655703,121.3,31.19,12,-2.5750008
811716,114.1683,30.5061,15,-2.386919
655703,121.3,31.19,15,-4.375
811716,114.1683,30.5061,18,-2.52717
655703,121.3,31.19,18,-4.75
811716,114.1683,30.5061,21,-2.02717
655703,121.3,31.19,21,-3.9375
811716,114.1683,30.5061,24,-1.7695444
655703,121.3,31.19,24,-4.5
811716,114.1683,30.5061,27,-1.534788
655703,121.3,31.19,27,-4.799999
811716,114.1683,30.5061,30,-1.4750782
655703,121.3,31.19,30,-4.8125
811716,114.1683,30.5061,33,-1.0972879
655703,121.3,31.19,33,-4.6875
811716,114.1683,30.5061,36,-1.3500781
655703,121.3,31.19,36,-5.049999
811716,114.1683,30.5061,39,-0.99516463
655703,121.3,31.19,39,-5.5625
811716,114.1683,30.5061,42,-0.51524353
655703,121.3,31.19,42,-5.0
811716,114.1683,30.5061,45,-0.83257884
655703,121.3,31.19,45,-3.6875
811716,114.1683,30.5061,48,-0.63261795
655703,121.3,31.19,48,-4.0999985
811716,114.1683,30.5061,51,-0.63540816
655703,121.3,31.19,51,-4.25
811716,114.1683,30.5061,54,-0.14024353
655703,121.3,31.19,54,-3.8125
811716,114.1683,30.5061,57,-0.49794725
655703,121.3,31.19,57,-3.0499992
811716,114.1683,30.5061,60,-0.6951179
655703,121.3,31.19,60,-2.3125
811716,114.1683,30.5061,63,-1.1951181
655703,121.3,31.19,63,-1.7999992
811716,114.1683,30.5061,66,-0.7299135
655703,121.3,31.19,66,-2.5
811716,114.1683,30.5061,69,-0.98270375
655703,121.3,31.19,69,-3.2625008
811716,114.1683,30.5061,72,-0.6478614
655703,121.3,31.19,72,-3.8125
811716,114.1683,30.5061,75,-1.2222955
655703,121.3,31.19,75,-3.9375
811716,114.1683,30.5061,78,-1.1875
655703,121.3,31.19,78,-4.137501
811716,114.1683,30.5061,81,-1.0
655703,121.3,31.19,81,-4.375
811716,114.1683,30.5061,84,-1.0624999
655703,121.3,31.19,84,-4.5
811716,114.1683,30.5061,87,-0.66463083
655703,121.3,31.19,87,-5.1875
811716,114.1683,30.5061,90,-0.43470976
655703,121.3,31.19,90,-4.9375
811716,114.1683,30.5061,93,-0.53963083
655703,121.3,31.19,93,-4.0
811716,114.1683,30.5061,96,-0.625
655703,121.3,31.19,96,-4.237499
811716,114.1683,30.5061,99,-0.58536905
655703,121.3,31.19,99,-4.125
811716,114.1683,30.5061,102,0.1875
655703,121.3,31.19,102,-3.7999992
811716,114.1683,30.5061,105,0.375
655703,121.3,31.19,105,-3.7999992
811716,114.1683,30.5061,108,-0.0048353365
655703,121.3,31.19,108,-4.0625
811716,114.1683,30.5061,111,-1.387461
655703,121.3,31.19,111,2.8499985
811716,114.1683,30.5061,114,-0.7271309
655703,121.3,31.19,114,-4.1875
811716,114.1683,30.5061,117,-2.0
655703,121.3,31.19,117,-1.8624992
811716,114.1683,30.5061,120,-0.9174211
655703,121.3,31.19,120,-3.9249992
811716,114.1683,30.5061,123,-2.2146776
655703,121.3,31.19,123,-2.0499992
811716,114.1683,30.5061,126,0.36737442
655703,121.3,31.19,126,-3.7374992
811716,114.1683,30.5061,129,-2.3473032
655703,121.3,31.19,129,-1.9375
811716,114.1683,30.5061,132,0.14786911
655703,121.3,31.19,132,-4.0999985
811716,114.1683,30.5061,135,-0.92225647
655703,121.3,31.19,135,-1.0625
811716,114.1683,30.5061,138,-0.07012558
655703,121.3,31.19,138,-4.737499
811716,114.1683,30.5061,141,-1.6554947
655703,121.3,31.19,141,-0.5
811716,114.1683,30.5061,144,-1.1722565
655703,121.3,31.19,144,-4.174999
811716,114.1683,30.5061,147,-2.5777433
655703,121.3,31.19,147,-0.86249924
811716,114.1683,30.5061,150,-1.0
655703,121.3,31.19,150,-3.0499992
811716,114.1683,30.5061,153,-2.7103615
655703,121.3,31.19,153,-1.9500008
811716,114.1683,30.5061,156,-0.13262558
655703,121.3,31.19,156,-2.3624992
811716,114.1683,30.5061,159,-2.217987
655703,121.3,31.19,159,-2.9375
811716,114.1683,30.5061,162,0.39507884
655703,121.3,31.19,162,-0.4375
811716,114.1683,30.5061,165,-1.6354083
655703,121.3,31.19,165,-3.0499992
811716,114.1683,30.5061,168,0.83257884
655703,121.3,31.19,168,1.375
811716,114.1683,30.5061,171,-0.9923744
655703,121.3,31.19,171,-1.9124985
811716,114.1683,30.5061,174,0.8673744
655703,121.3,31.19,174,4.049999
811716,114.1683,30.5061,177,-1.3353691
655703,121.3,31.19,177,-3.0874977
811716,114.1683,30.5061,180,0.5576647
655703,121.3,31.19,180,5.8125
811716,114.1683,30.5061,183,0.375
655703,121.3,31.19,183,-5.7124977
811716,114.1683,30.5061,186,0.74516463
655703,121.3,31.19,186,6.0
811716,114.1683,30.5061,189,-0.5625
655703,121.3,31.19,189,-3.9500008
811716,114.1683,30.5061,192,-0.66463083
655703,121.3,31.19,192,5.0625
811716,114.1683,30.5061,195,-0.2896309
655703,121.3,31.19,195,4.299999
811716,114.1683,30.5061,198,-0.75
655703,121.3,31.19,198,4.112499
811716,114.1683,30.5061,201,0.25762558
655703,121.3,31.19,201,6.987499
811716,114.1683,30.5061,204,-1.0396309
655703,121.3,31.19,204,4.387501
811716,114.1683,30.5061,207,-1.4298744
655703,121.3,31.19,207,3.2750092
811716,114.1683,30.5061,210,-1.3521308
655703,121.3,31.19,210,3.0750008
811716,114.1683,30.5061,213,-1.8472955
655703,121.3,31.19,213,-3.8999977
811716,114.1683,30.5061,216,-1.5424211
655703,121.3,31.19,216,1.6875
811716,114.1683,30.5061,219,-0.3521309
655703,121.3,31.19,219,7.300003
811716,114.1683,30.5061,222,-1.8777902
655703,121.3,31.19,222,1.5499992
811716,114.1683,30.5061,225,0.26955202
655703,121.3,31.19,225,9.887501
811716,114.1683,30.5061,228,-1.25
655703,121.3,31.19,228,1.5
811716,114.1683,30.5061,231,-2.167948
655703,121.3,31.19,231,0.37500763
811716,114.1683,30.5061,234,-2.1006124
655703,121.3,31.19,234,-0.67499924
811716,114.1683,30.5061,237,-2.7652433
655703,121.3,31.19,237,-5.199997
811716,114.1683,30.5061,240,-1.7896308
655703,121.3,31.19,240,-0.57500076
